/Volumes/Medusa/Luna1/MM/Clock/11229/MEG/11229_emptyroom_Clock_raw-eve.fif	miss	NA	NA	0.0 0.0 0.0 0.0 0.0
/Volumes/Medusa/Luna1/MM/Clock/11229/MEG/11229_clock_run2_raw_chpi_sss.fif	miss	MEG device	head	4.053483240306377 0.9968059659004211 -0.030863653868436813 -0.07365390658378601 0.00420425646007061 0.03368536755442619 0.9987329840660095 0.03738059848546982 -0.006955010816454887 0.07240690290927887 -0.03974226862192154 0.9965829253196716 0.06489907950162888 0.0 0.0 0.0 1.0
/Volumes/Medusa/Luna1/MM/Clock/11229/MEG/11229_clock_run5_dn_ds_sss_raw.fif	miss	MEG device	head	4.064051279274281 1.0 0.0 0.0 -0.00033504707971587777 0.0 1.0 0.0 0.0026814225129783154 0.0 0.0 1.0 0.06170490384101868 0.0 0.0 0.0 1.0
/Volumes/Medusa/Luna1/MM/Clock/11229/MEG/11229_clock_run3_raw_chpi_sss.fif	miss	MEG device	head	4.050266671925783 0.9973620772361755 -0.01615288108587265 -0.07076390087604523 0.0034225936979055405 0.02364553138613701 0.9940462708473206 0.10635993629693985 -0.005755459889769554 0.0686245858669281 -0.10775264352560043 0.9918062090873718 0.0654243528842926 0.0 0.0 0.0 1.0
/Volumes/Medusa/Luna1/MM/Clock/11229/MEG/11229_clock_run8_dn_ds_sss_raw.fif	miss	MEG device	head	4.064051279274281 1.0 0.0 0.0 -0.00033504707971587777 0.0 1.0 0.0 0.0026814225129783154 0.0 0.0 1.0 0.06170490384101868 0.0 0.0 0.0 1.0
/Volumes/Medusa/Luna1/MM/Clock/11229/MEG/11229_clock_run2_ds_sss_raw.fif	miss	MEG device	head	4.064051279274281 1.0 0.0 0.0 -0.00033504707971587777 0.0 1.0 0.0 0.0026814225129783154 0.0 0.0 1.0 0.06170490384101868 0.0 0.0 0.0 1.0
/Volumes/Medusa/Luna1/MM/Clock/11229/MEG/11229_clock_run3_dn_ds_sss_raw.fif	miss	MEG device	head	4.064051279274281 1.0 0.0 0.0 -0.00033504707971587777 0.0 1.0 0.0 0.0026814225129783154 0.0 0.0 1.0 0.06170490384101868 0.0 0.0 0.0 1.0
/Volumes/Medusa/Luna1/MM/Clock/11229/MEG/11229_clock_run1_raw_chpi_sss.fif	miss	MEG device	head	4.065533879678696 0.9980137944221497 -0.005567898042500019 -0.06274811178445816 0.003830969799309969 0.009248942136764526 0.9982429146766663 0.058526985347270966 -0.0010058246552944183 0.062311988323926926 -0.058991096913814545 0.9963118433952332 0.06735937297344208 0.0 0.0 0.0 1.0
/Volumes/Medusa/Luna1/MM/Clock/11229/MEG/11229_clock_emptyroom_raw.fif	miss	MEG device	head	4.029742493294179 0.9955560564994812 -0.03356573358178139 -0.08798758685588837 0.0037445882335305214 0.049608562141656876 0.9810999035835266 0.18703505396842957 -0.00028213299810886383 0.0800466388463974 -0.19056877493858337 0.9784049391746521 0.06665097922086716 0.0 0.0 0.0 1.0
/Volumes/Medusa/Luna1/MM/Clock/11229/MEG/11229_clock_run5_ds_sss_raw.fif	miss	MEG device	head	4.064051279274281 1.0 0.0 0.0 -0.00033504707971587777 0.0 1.0 0.0 0.0026814225129783154 0.0 0.0 1.0 0.06170490384101868 0.0 0.0 0.0 1.0
/Volumes/Medusa/Luna1/MM/Clock/11229/MEG/11229_run6_Clock_raw-eve.fif	miss	NA	NA	0.0 0.0 0.0 0.0 0.0
/Volumes/Medusa/Luna1/MM/Clock/11229/MEG/11229_clock_rest_raw.fif	miss	MEG device	head	4.029742493294179 0.9955560564994812 -0.03356573358178139 -0.08798758685588837 0.0037445882335305214 0.049608562141656876 0.9810999035835266 0.18703505396842957 -0.00028213299810886383 0.0800466388463974 -0.19056877493858337 0.9784049391746521 0.06665097922086716 0.0 0.0 0.0 1.0
/Volumes/Medusa/Luna1/MM/Clock/11229/MEG/11229_run5_Clock_raw.fif	miss	MEG device	head	4.024391835555434 0.995657205581665 -0.02774539217352867 -0.08886238932609558 0.004099728539586067 0.04552070423960686 0.9777544736862183 0.20475299656391144 -0.0013438723981380463 0.08120465278625488 -0.20790891349315643 0.9747714996337891 0.06649114191532135 0.0 0.0 0.0 1.0
/Volumes/Medusa/Luna1/MM/Clock/11229/MEG/11229_emptyroom_Clock_raw.fif	miss	MEG device	head	4.029742493294179 0.9955560564994812 -0.03356573358178139 -0.08798758685588837 0.0037445882335305214 0.049608562141656876 0.9810999035835266 0.18703505396842957 -0.00028213299810886383 0.0800466388463974 -0.19056877493858337 0.9784049391746521 0.06665097922086716 0.0 0.0 0.0 1.0
/Volumes/Medusa/Luna1/MM/Clock/11229/MEG/11229_run1_Clock_raw-eve.fif	miss	NA	NA	0.0 0.0 0.0 0.0 0.0
/Volumes/Medusa/Luna1/MM/Clock/11229/MEG/11229_clock_run7_raw_chpi_sss.fif	miss	MEG device	head	4.027437283424661 0.9958178997039795 -0.029335767030715942 -0.08652099967002869 0.003769047325477004 0.045969218015670776 0.9793174266815186 0.1970381885766983 -0.0006622308865189552 0.07895126938819885 -0.20019148290157318 0.9765704870223999 0.06671422719955444 0.0 0.0 0.0 1.0
/Volumes/Medusa/Luna1/MM/Clock/11229/MEG/11229_run7_Clock_raw.fif	miss	MEG device	head	4.027437283424661 0.9958178997039795 -0.029335767030715942 -0.08652099967002869 0.003769047325477004 0.045969218015670776 0.9793174266815186 0.1970381885766983 -0.0006622308865189552 0.07895126938819885 -0.20019148290157318 0.9765704870223999 0.06671422719955444 0.0 0.0 0.0 1.0
/Volumes/Medusa/Luna1/MM/Clock/11229/MEG/11229_clock_run6_raw_chpi_sss.fif	miss	MEG device	head	4.026464060647413 0.9956417083740234 -0.029864992946386337 -0.08834926038980484 0.003891055239364505 0.04695580527186394 0.9790327548980713 0.19821733236312866 -0.0008611865341663361 0.080577053129673 -0.2015019655227661 0.976168155670166 0.06655760109424591 0.0 0.0 0.0 1.0
/Volumes/Medusa/Luna1/MM/Clock/11229/MEG/11229_run2_Clock_raw.fif	miss	MEG device	head	4.053483240306377 0.9968059659004211 -0.030863653868436813 -0.07365390658378601 0.00420425646007061 0.03368536755442619 0.9987329840660095 0.03738059848546982 -0.006955010816454887 0.07240690290927887 -0.03974226862192154 0.9965829253196716 0.06489907950162888 0.0 0.0 0.0 1.0
/Volumes/Medusa/Luna1/MM/Clock/11229/MEG/11229_clock_run4_dn_ds_sss_raw.fif	miss	MEG device	head	4.064051279274281 1.0 0.0 0.0 -0.00033504707971587777 0.0 1.0 0.0 0.0026814225129783154 0.0 0.0 1.0 0.06170490384101868 0.0 0.0 0.0 1.0
/Volumes/Medusa/Luna1/MM/Clock/11229/MEG/11229_clock_run7_ds_sss_raw.fif	miss	MEG device	head	4.064051279274281 1.0 0.0 0.0 -0.00033504707971587777 0.0 1.0 0.0 0.0026814225129783154 0.0 0.0 1.0 0.06170490384101868 0.0 0.0 0.0 1.0
/Volumes/Medusa/Luna1/MM/Clock/11229/MEG/11229_clock_run2_dn_ds_sss_raw.fif	miss	MEG device	head	4.064051279274281 1.0 0.0 0.0 -0.00033504707971587777 0.0 1.0 0.0 0.0026814225129783154 0.0 0.0 1.0 0.06170490384101868 0.0 0.0 0.0 1.0
/Volumes/Medusa/Luna1/MM/Clock/11229/MEG/11229_clock_run5_raw_chpi_sss.fif	miss	MEG device	head	4.024391835555434 0.995657205581665 -0.02774539217352867 -0.08886238932609558 0.004099728539586067 0.04552070423960686 0.9777544736862183 0.20475299656391144 -0.0013438723981380463 0.08120465278625488 -0.20790891349315643 0.9747714996337891 0.06649114191532135 0.0 0.0 0.0 1.0
/Volumes/Medusa/Luna1/MM/Clock/11229/MEG/11229_clock_run4_raw_chpi_sss.fif	miss	MEG device	head	4.0498641890008 0.9973485469818115 -0.0136511055752635 -0.07148042321205139 0.003362789051607251 0.021456275135278702 0.9937450885772705 0.10959179699420929 -0.006039216183125973 0.06953726708889008 -0.11083492636680603 0.9914031028747559 0.06542499363422394 0.0 0.0 0.0 1.0
/Volumes/Medusa/Luna1/MM/Clock/11229/MEG/11229_run8_Clock_raw.fif	miss	MEG device	head	4.028102024458349 0.9957759380340576 -0.03221195191144943 -0.08597902208566666 0.0035636508837342262 0.04827060550451279 0.9802453517913818 0.1918036937713623 -0.0005773846060037613 0.07810217887163162 -0.19514378905296326 0.9776598215103149 0.06659293174743652 0.0 0.0 0.0 1.0
/Volumes/Medusa/Luna1/MM/Clock/11229/MEG/11229_run7_Clock_raw-eve.fif	miss	NA	NA	0.0 0.0 0.0 0.0 0.0
/Volumes/Medusa/Luna1/MM/Clock/11229/MEG/11229_rest_Clock_raw.fif	miss	MEG device	head	4.029742493294179 0.9955560564994812 -0.03356573358178139 -0.08798758685588837 0.0037445882335305214 0.049608562141656876 0.9810999035835266 0.18703505396842957 -0.00028213299810886383 0.0800466388463974 -0.19056877493858337 0.9784049391746521 0.06665097922086716 0.0 0.0 0.0 1.0
/Volumes/Medusa/Luna1/MM/Clock/11229/MEG/11229_clock_run6_ds_sss_raw.fif	miss	MEG device	head	4.064051279274281 1.0 0.0 0.0 -0.00033504707971587777 0.0 1.0 0.0 0.0026814225129783154 0.0 0.0 1.0 0.06170490384101868 0.0 0.0 0.0 1.0
/Volumes/Medusa/Luna1/MM/Clock/11229/MEG/11229_clock_run8_raw_chpi_sss.fif	miss	MEG device	head	4.028102024458349 0.9957759380340576 -0.03221195191144943 -0.08597902208566666 0.0035636508837342262 0.04827060550451279 0.9802453517913818 0.1918036937713623 -0.0005773846060037613 0.07810217887163162 -0.19514378905296326 0.9776598215103149 0.06659293174743652 0.0 0.0 0.0 1.0
/Volumes/Medusa/Luna1/MM/Clock/11229/MEG/11229_clock_run7_dn_ds_sss_raw.fif	miss	MEG device	head	4.064051279274281 1.0 0.0 0.0 -0.00033504707971587777 0.0 1.0 0.0 0.0026814225129783154 0.0 0.0 1.0 0.06170490384101868 0.0 0.0 0.0 1.0
/Volumes/Medusa/Luna1/MM/Clock/11229/MEG/11229_rest_Clock_raw-eve.fif	miss	NA	NA	0.0 0.0 0.0 0.0 0.0
/Volumes/Medusa/Luna1/MM/Clock/11229/MEG/11229_clock_run1_ds_sss_raw.fif	miss	MEG device	head	4.064051279274281 1.0 0.0 0.0 -0.00033504707971587777 0.0 1.0 0.0 0.0026814225129783154 0.0 0.0 1.0 0.06170490384101868 0.0 0.0 0.0 1.0
/Volumes/Medusa/Luna1/MM/Clock/11229/MEG/11229_run2_Clock_raw-eve.fif	miss	NA	NA	0.0 0.0 0.0 0.0 0.0
/Volumes/Medusa/Luna1/MM/Clock/11229/MEG/11229_run4_Clock_raw-eve.fif	miss	NA	NA	0.0 0.0 0.0 0.0 0.0
/Volumes/Medusa/Luna1/MM/Clock/11229/MEG/11229_clock_run8_ds_sss_raw.fif	miss	MEG device	head	4.064051279274281 1.0 0.0 0.0 -0.00033504707971587777 0.0 1.0 0.0 0.0026814225129783154 0.0 0.0 1.0 0.06170490384101868 0.0 0.0 0.0 1.0
/Volumes/Medusa/Luna1/MM/Clock/11229/MEG/11229_run3_Clock_raw.fif	miss	MEG device	head	4.050266671925783 0.9973620772361755 -0.01615288108587265 -0.07076390087604523 0.0034225936979055405 0.02364553138613701 0.9940462708473206 0.10635993629693985 -0.005755459889769554 0.0686245858669281 -0.10775264352560043 0.9918062090873718 0.0654243528842926 0.0 0.0 0.0 1.0
/Volumes/Medusa/Luna1/MM/Clock/11229/MEG/11229_clock_run1_dn_ds_sss_raw.fif	miss	MEG device	head	4.064051279274281 1.0 0.0 0.0 -0.00033504707971587777 0.0 1.0 0.0 0.0026814225129783154 0.0 0.0 1.0 0.06170490384101868 0.0 0.0 0.0 1.0
/Volumes/Medusa/Luna1/MM/Clock/11229/MEG/11229_run6_Clock_raw.fif	miss	MEG device	head	4.026464060647413 0.9956417083740234 -0.029864992946386337 -0.08834926038980484 0.003891055239364505 0.04695580527186394 0.9790327548980713 0.19821733236312866 -0.0008611865341663361 0.080577053129673 -0.2015019655227661 0.976168155670166 0.06655760109424591 0.0 0.0 0.0 1.0
/Volumes/Medusa/Luna1/MM/Clock/11229/MEG/11229_clock_run3_ds_sss_raw.fif	miss	MEG device	head	4.064051279274281 1.0 0.0 0.0 -0.00033504707971587777 0.0 1.0 0.0 0.0026814225129783154 0.0 0.0 1.0 0.06170490384101868 0.0 0.0 0.0 1.0
/Volumes/Medusa/Luna1/MM/Clock/11229/MEG/11229_clock_run6_dn_ds_sss_raw.fif	miss	MEG device	head	4.064051279274281 1.0 0.0 0.0 -0.00033504707971587777 0.0 1.0 0.0 0.0026814225129783154 0.0 0.0 1.0 0.06170490384101868 0.0 0.0 0.0 1.0
/Volumes/Medusa/Luna1/MM/Clock/11229/MEG/11229_run4_Clock_raw.fif	miss	MEG device	head	4.0498641890008 0.9973485469818115 -0.0136511055752635 -0.07148042321205139 0.003362789051607251 0.021456275135278702 0.9937450885772705 0.10959179699420929 -0.006039216183125973 0.06953726708889008 -0.11083492636680603 0.9914031028747559 0.06542499363422394 0.0 0.0 0.0 1.0
/Volumes/Medusa/Luna1/MM/Clock/11229/MEG/11229_run3_Clock_raw-eve.fif	miss	NA	NA	0.0 0.0 0.0 0.0 0.0
/Volumes/Medusa/Luna1/MM/Clock/11229/MEG/11229_clock_run4_ds_sss_raw.fif	miss	MEG device	head	4.064051279274281 1.0 0.0 0.0 -0.00033504707971587777 0.0 1.0 0.0 0.0026814225129783154 0.0 0.0 1.0 0.06170490384101868 0.0 0.0 0.0 1.0
/Volumes/Medusa/Luna1/MM/Clock/11229/MEG/11229_run8_Clock_raw-eve.fif	miss	NA	NA	0.0 0.0 0.0 0.0 0.0
/Volumes/Medusa/Luna1/MM/Clock/11229/MEG/11229_run1_Clock_raw.fif	miss	MEG device	head	4.065533879678696 0.9980137944221497 -0.005567898042500019 -0.06274811178445816 0.003830969799309969 0.009248942136764526 0.9982429146766663 0.058526985347270966 -0.0010058246552944183 0.062311988323926926 -0.058991096913814545 0.9963118433952332 0.06735937297344208 0.0 0.0 0.0 1.0
/Volumes/Medusa/Luna1/MM/Clock/11229/MEG/11229_run5_Clock_raw-eve.fif	miss	NA	NA	0.0 0.0 0.0 0.0 0.0
/Volumes/Medusa/Luna1/MM/Clock/11353/MEG/11353_clock_run1_raw-eve.fif	miss	NA	NA	0.0 0.0 0.0 0.0 0.0
/Volumes/Medusa/Luna1/MM/Clock/11353/MEG/11353_clock_rest_raw.fif	miss	MEG device	head	3.049217088147998 0.3386739492416382 0.936826765537262 -0.08749799430370331 0.014066780917346478 -0.9215705990791321 0.3490321636199951 0.16995422542095184 -0.00034980569034814835 0.18975724279880524 0.023076504468917847 0.9815599918365479 0.05568786337971687 0.0 0.0 0.0 1.0
/Volumes/Medusa/Luna1/MM/Clock/11353/MEG/11353_clock_run3_raw-eve.fif	miss	NA	NA	0.0 0.0 0.0 0.0 0.0
/Volumes/Medusa/Luna1/MM/Clock/11353/MEG/11353_clock_run5_raw-eve.fif	miss	NA	NA	0.0 0.0 0.0 0.0 0.0
/Volumes/Medusa/Luna1/MM/Clock/11353/MEG/11353_clock_run4_raw_chpi_sss.fif	miss	MEG device	head	3.0327311186119914 0.3291267156600952 0.9292159676551819 -0.16802974045276642 0.013320835307240486 -0.9207958579063416 0.3552604913711548 0.16101457178592682 -0.0015119006857275963 0.2093115597963333 0.10172687470912933 0.9725435972213745 0.051548004150390625 0.0 0.0 0.0 1.0
/Volumes/Medusa/Luna1/MM/Clock/11353/MEG/11353_clock_run7_raw-eve.fif	miss	NA	NA	0.0 0.0 0.0 0.0 0.0
/Volumes/Medusa/Luna1/MM/Clock/11353/MEG/11353_clock_run8_raw-eve.fif	miss	NA	NA	0.0 0.0 0.0 0.0 0.0
/Volumes/Medusa/Luna1/MM/Clock/11353/MEG/11353_clock_emptyroom_raw.fif	miss	MEG device	head	3.049217088147998 0.3386739492416382 0.936826765537262 -0.08749799430370331 0.014066780917346478 -0.9215705990791321 0.3490321636199951 0.16995422542095184 -0.00034980569034814835 0.18975724279880524 0.023076504468917847 0.9815599918365479 0.05568786337971687 0.0 0.0 0.0 1.0
/Volumes/Medusa/Luna1/MM/Clock/11353/MEG/11353_clock_run4_raw-eve.fif	miss	NA	NA	0.0 0.0 0.0 0.0 0.0
/Volumes/Medusa/Luna1/MM/Clock/11353/MEG/11353_clock_run4_ds_sss_raw.fif	miss	MEG device	head	4.042658098158427 1.0 0.0 0.0 0.0011192160891368985 0.0 1.0 0.0 -0.006368932314217091 0.0 0.0 1.0 0.047907814383506775 0.0 0.0 0.0 1.0
/Volumes/Medusa/Luna1/MM/Clock/11353/MEG/11353_clock_run6_raw-eve.fif	miss	NA	NA	0.0 0.0 0.0 0.0 0.0
/Volumes/Medusa/Luna1/MM/Clock/11353/MEG/11353_clock_run2_raw-eve.fif	miss	NA	NA	0.0 0.0 0.0 0.0 0.0
/Volumes/Medusa/Luna1/MM/Clock/11353/MEG/11353_clock_emptyroom_raw-eve.fif	miss	NA	NA	0.0 0.0 0.0 0.0 0.0
/Volumes/Medusa/Luna1/MM/Clock/11324/MEG/11324_clock_run2_raw-eve.fif	miss	NA	NA	0.0 0.0 0.0 0.0 0.0
/Volumes/Medusa/Luna1/MM/Clock/11324/MEG/11324_clock_run7_ds_sss_raw.fif	miss	MEG device	head	4.034368588589132 1.0 0.0 0.0 -0.0031763208098709583 0.0 1.0 0.0 -0.00715118320658803 0.0 0.0 1.0 0.04469609260559082 0.0 0.0 0.0 1.0
/Volumes/Medusa/Luna1/MM/Clock/11324/MEG/11324_clock_rest_raw-eve.fif	miss	NA	NA	0.0 0.0 0.0 0.0 0.0
/Volumes/Medusa/Luna1/MM/Clock/11324/MEG/11324_clock_run6_dn_ds_sss_raw.fif	miss	MEG device	head	4.034368588589132 1.0 0.0 0.0 -0.0031763208098709583 0.0 1.0 0.0 -0.00715118320658803 0.0 0.0 1.0 0.04469609260559082 0.0 0.0 0.0 1.0
/Volumes/Medusa/Luna1/MM/Clock/11324/MEG/11324_clock_emptyroom_raw-eve.fif	miss	NA	NA	0.0 0.0 0.0 0.0 0.0
/Volumes/Medusa/Luna1/MM/Clock/11324/MEG/11324_clock_run5_ds_sss_raw.fif	miss	MEG device	head	4.034368588589132 1.0 0.0 0.0 -0.0031763208098709583 0.0 1.0 0.0 -0.00715118320658803 0.0 0.0 1.0 0.04469609260559082 0.0 0.0 0.0 1.0
/Volumes/Medusa/Luna1/MM/Clock/11324/MEG/11324_clock_run1_dn_ds_sss_raw.fif	miss	MEG device	head	4.034368588589132 1.0 0.0 0.0 -0.0031763208098709583 0.0 1.0 0.0 -0.00715118320658803 0.0 0.0 1.0 0.04469609260559082 0.0 0.0 0.0 1.0
/Volumes/Medusa/Luna1/MM/Clock/11324/MEG/11324_clock_run2_ds_sss_raw.fif	miss	MEG device	head	4.034368588589132 1.0 0.0 0.0 -0.0031763208098709583 0.0 1.0 0.0 -0.00715118320658803 0.0 0.0 1.0 0.04469609260559082 0.0 0.0 0.0 1.0
/Volumes/Medusa/Luna1/MM/Clock/11324/MEG/11324_clock_run6_raw-eve.fif	miss	NA	NA	0.0 0.0 0.0 0.0 0.0
/Volumes/Medusa/Luna1/MM/Clock/11324/MEG/11324_clock_run4_raw-eve.fif	miss	NA	NA	0.0 0.0 0.0 0.0 0.0
/Volumes/Medusa/Luna1/MM/Clock/11324/MEG/11324_clock_run8_raw_chpi_sss.fif	miss	MEG device	head	4.017507325857878 0.9997282028198242 0.008088020607829094 -0.021868856623768806 -0.008077941834926605 -0.006936626508831978 0.9986114501953125 0.052222639322280884 -0.018658921122550964 0.022260865196585655 -0.05205674469470978 0.9983960390090942 0.04579919949173927 0.0 0.0 0.0 1.0
/Volumes/Medusa/Luna1/MM/Clock/11324/MEG/11324_clock_run7_dn_ds_sss_raw.fif	miss	MEG device	head	4.034368588589132 1.0 0.0 0.0 -0.0031763208098709583 0.0 1.0 0.0 -0.00715118320658803 0.0 0.0 1.0 0.04469609260559082 0.0 0.0 0.0 1.0
/Volumes/Medusa/Luna1/MM/Clock/11324/MEG/11324_clock_run8_raw-eve.fif	miss	NA	NA	0.0 0.0 0.0 0.0 0.0
/Volumes/Medusa/Luna1/MM/Clock/11324/MEG/11324_clock_run7_raw-eve.fif	miss	NA	NA	0.0 0.0 0.0 0.0 0.0
/Volumes/Medusa/Luna1/MM/Clock/11324/MEG/11324_clock_run4_raw_chpi_sss.fif	miss	MEG device	head	4.015604975807946 0.9990156888961792 0.04056643694639206 0.017941484227776527 -0.006714201066643 -0.04056728631258011 0.9991767406463623 -0.00031692779157310724 -0.018453294411301613 -0.017939569428563118 -0.0004112214664928615 0.9998389482498169 0.043468177318573 0.0 0.0 0.0 1.0
/Volumes/Medusa/Luna1/MM/Clock/11324/MEG/11324_clock_run5_raw_chpi_sss.fif	miss	MEG device	head	4.0013475976884365 0.9963748455047607 -0.07332592457532883 0.043140459805727005 -0.006186911836266518 0.06940079480409622 0.9938446283340454 0.08635436743497849 -0.0178492721170187 -0.04920690879225731 -0.0830473080277443 0.9953303337097168 0.04651849344372749 0.0 0.0 0.0 1.0
/Volumes/Medusa/Luna1/MM/Clock/11324/MEG/11324_clock_run2_dn_ds_sss_raw.fif	miss	MEG device	head	4.034368588589132 1.0 0.0 0.0 -0.0031763208098709583 0.0 1.0 0.0 -0.00715118320658803 0.0 0.0 1.0 0.04469609260559082 0.0 0.0 0.0 1.0
/Volumes/Medusa/Luna1/MM/Clock/11324/MEG/11324_clock_run4_ds_sss_raw.fif	miss	MEG device	head	4.034368588589132 1.0 0.0 0.0 -0.0031763208098709583 0.0 1.0 0.0 -0.00715118320658803 0.0 0.0 1.0 0.04469609260559082 0.0 0.0 0.0 1.0
/Volumes/Medusa/Luna1/MM/Clock/11324/MEG/11324_clock_run4_dn_ds_sss_raw.fif	miss	MEG device	head	4.034368588589132 1.0 0.0 0.0 -0.0031763208098709583 0.0 1.0 0.0 -0.00715118320658803 0.0 0.0 1.0 0.04469609260559082 0.0 0.0 0.0 1.0
/Volumes/Medusa/Luna1/MM/Clock/11324/MEG/11324_clock_emptyroom_raw.fif	miss	MEG device	head	4.02199512720108 0.9996659159660339 0.01470810268074274 0.021251346915960312 -0.007523536682128906 -0.014982725493609905 0.9998053908348083 0.01282169297337532 -0.017255885526537895 -0.02105863019824028 -0.013135813176631927 0.999691903591156 0.04800736531615257 0.0 0.0 0.0 1.0
/Volumes/Medusa/Luna1/MM/Clock/11324/MEG/11324_clock_run6_raw_chpi_sss.fif	miss	MEG device	head	4.013026048764004 0.9999766945838928 0.006766756530851126 0.0005939931725151837 -0.008186422288417816 -0.006790203507989645 0.9981757998466492 0.05998911336064339 -0.019370462745428085 -0.00018697786435950547 -0.05999176576733589 0.9981986880302429 0.04385083541274071 0.0 0.0 0.0 1.0
/Volumes/Medusa/Luna1/MM/Clock/11324/MEG/11324_clock_run3_ds_sss_raw.fif	miss	MEG device	head	4.034368588589132 1.0 0.0 0.0 -0.0031763208098709583 0.0 1.0 0.0 -0.00715118320658803 0.0 0.0 1.0 0.04469609260559082 0.0 0.0 0.0 1.0
/Volumes/Medusa/Luna1/MM/Clock/11324/MEG/11324_clock_run7_raw_chpi_sss.fif	miss	MEG device	head	4.011101591400802 0.9992659687995911 0.02845665253698826 0.02564658410847187 -0.009375552646815777 -0.030390707775950432 0.9964525103569031 0.07847811281681061 -0.017945246770977974 -0.02332237921655178 -0.07919992506504059 0.9965859055519104 0.04644966870546341 0.0 0.0 0.0 1.0
/Volumes/Medusa/Luna1/MM/Clock/11324/MEG/11324_clock_run1_raw_chpi_sss.fif	miss	MEG device	head	4.014548133127391 0.9984822869300842 0.040852680802345276 0.036932773888111115 -0.006254843436181545 -0.03987250477075577 0.9988425374031067 -0.026897672563791275 -0.019091350957751274 -0.037988871335983276 0.02538425102829933 0.9989555478096008 0.04520329833030701 0.0 0.0 0.0 1.0
/Volumes/Medusa/Luna1/MM/Clock/11324/MEG/11324_clock_run8_dn_ds_sss_raw.fif	miss	MEG device	head	4.034368588589132 1.0 0.0 0.0 -0.0031763208098709583 0.0 1.0 0.0 -0.00715118320658803 0.0 0.0 1.0 0.04469609260559082 0.0 0.0 0.0 1.0
/Volumes/Medusa/Luna1/MM/Clock/11324/MEG/11324_clock_run3_raw-eve.fif	miss	NA	NA	0.0 0.0 0.0 0.0 0.0
/Volumes/Medusa/Luna1/MM/Clock/11324/MEG/11324_clock_run3_dn_ds_sss_raw.fif	miss	MEG device	head	4.034368588589132 1.0 0.0 0.0 -0.0031763208098709583 0.0 1.0 0.0 -0.00715118320658803 0.0 0.0 1.0 0.04469609260559082 0.0 0.0 0.0 1.0
/Volumes/Medusa/Luna1/MM/Clock/11324/MEG/11324_clock_run8_ds_sss_raw.fif	miss	MEG device	head	4.034368588589132 1.0 0.0 0.0 -0.0031763208098709583 0.0 1.0 0.0 -0.00715118320658803 0.0 0.0 1.0 0.04469609260559082 0.0 0.0 0.0 1.0
/Volumes/Medusa/Luna1/MM/Clock/11324/MEG/11324_clock_run1_ds_sss_raw.fif	miss	MEG device	head	4.034368588589132 1.0 0.0 0.0 -0.0031763208098709583 0.0 1.0 0.0 -0.00715118320658803 0.0 0.0 1.0 0.04469609260559082 0.0 0.0 0.0 1.0
/Volumes/Medusa/Luna1/MM/Clock/11324/MEG/11324_clock_run5_dn_ds_sss_raw.fif	miss	MEG device	head	4.034368588589132 1.0 0.0 0.0 -0.0031763208098709583 0.0 1.0 0.0 -0.00715118320658803 0.0 0.0 1.0 0.04469609260559082 0.0 0.0 0.0 1.0
/Volumes/Medusa/Luna1/MM/Clock/11324/MEG/11324_Clock_run5_raw-eve.fif	miss	NA	NA	0.0 0.0 0.0 0.0 0.0
/Volumes/Medusa/Luna1/MM/Clock/11324/MEG/11324_clock_run3_raw_chpi_sss.fif	miss	MEG device	head	4.017364881932735 0.9994368553161621 0.004944405984133482 0.03319384530186653 -0.005357467569410801 -0.006052328739315271 0.9994251728057861 0.033360302448272705 -0.018136311322450638 -0.03300981596112251 -0.03354240953922272 0.9988921880722046 0.04421044513583183 0.0 0.0 0.0 1.0
/Volumes/Medusa/Luna1/MM/Clock/11324/MEG/11324_clock_run6_ds_sss_raw.fif	miss	MEG device	head	4.034368588589132 1.0 0.0 0.0 -0.0031763208098709583 0.0 1.0 0.0 -0.00715118320658803 0.0 0.0 1.0 0.04469609260559082 0.0 0.0 0.0 1.0
/Volumes/Medusa/Luna1/MM/Clock/11324/MEG/11324_clock_run2_raw_chpi_sss.fif	miss	MEG device	head	4.011372076813132 0.9993264079093933 -0.015404600650072098 0.03330332040786743 -0.006814186926931143 0.014688264578580856 0.9996575713157654 0.021648146212100983 -0.020497877150774002 -0.03362540155649185 -0.021144401282072067 0.9992106556892395 0.04102417826652527 0.0 0.0 0.0 1.0
/Volumes/Medusa/Luna1/MM/Clock/11324/MEG/11324_clock_rest_raw.fif	miss	MEG device	head	4.02199512720108 0.9996659159660339 0.01470810268074274 0.021251346915960312 -0.007523536682128906 -0.014982725493609905 0.9998053908348083 0.01282169297337532 -0.017255885526537895 -0.02105863019824028 -0.013135813176631927 0.999691903591156 0.04800736531615257 0.0 0.0 0.0 1.0
/Volumes/Medusa/Luna1/MM/Clock/11324/MEG/11324_clock_run1_raw-eve.fif	miss	NA	NA	0.0 0.0 0.0 0.0 0.0
/Volumes/Medusa/Luna1/MM/Clock/10811/MEG/10811_clock_emptyroom_raw.fif	miss	MEG device	head	4.044079953338951 0.999059796333313 0.04084428772330284 0.014537191018462181 -0.00528828427195549 -0.041713979095220566 0.9969712495803833 0.06563700735569 -0.0010585100390017033 -0.01181226409971714 -0.06618170440196991 0.9977376461029053 0.055347517132759094 0.0 0.0 0.0 1.0
/Volumes/Medusa/Luna1/MM/Clock/10811/MEG/10811_clock_run5_raw_chpi_sss.fif	miss	MEG device	head	4.041034409310669 0.9974575638771057 0.06760464608669281 -0.022532841190695763 -0.008571650832891464 -0.0661420077085495 0.9959847331047058 0.060327187180519104 -0.0017688856460154057 0.02652076818048954 -0.058683447539806366 0.9979241490364075 0.05291419476270676 0.0 0.0 0.0 1.0
/Volumes/Medusa/Luna1/MM/Clock/10811/MEG/10811_clock_run2_raw-eve.fif	miss	NA	NA	0.0 0.0 0.0 0.0 0.0
/Volumes/Medusa/Luna1/MM/Clock/10811/MEG/10811_clock_run4_ds_sss_raw.fif	miss	MEG device	head	4.046836935682222 1.0 0.0 0.0 -0.0006522394251078367 0.0 1.0 0.0 0.001704962458461523 0.0 0.0 1.0 0.04578421264886856 0.0 0.0 0.0 1.0
/Volumes/Medusa/Luna1/MM/Clock/10811/MEG/10811_clock_run1_dn_ds_sss_raw.fif	miss	MEG device	head	4.046836935682222 1.0 0.0 0.0 -0.0006522394251078367 0.0 1.0 0.0 0.001704962458461523 0.0 0.0 1.0 0.04578421264886856 0.0 0.0 0.0 1.0
/Volumes/Medusa/Luna1/MM/Clock/10811/MEG/10811_clock_run4_raw_chpi_sss.fif	miss	MEG device	head	4.03896842058748 0.9974382519721985 0.07004334032535553 -0.01452716626226902 -0.00847263541072607 -0.06894679367542267 0.995453417301178 0.06571916490793228 -0.0020605754107236862 0.01906430535018444 -0.06454920023679733 0.9977324604988098 0.052073851227760315 0.0 0.0 0.0 1.0
/Volumes/Medusa/Luna1/MM/Clock/10811/MEG/10811_clock_run3_ds_sss_raw.fif	miss	MEG device	head	4.046836935682222 1.0 0.0 0.0 -0.0006522394251078367 0.0 1.0 0.0 0.001704962458461523 0.0 0.0 1.0 0.04578421264886856 0.0 0.0 0.0 1.0
/Volumes/Medusa/Luna1/MM/Clock/10811/MEG/10811_clock_run7_dn_ds_sss_raw.fif	miss	MEG device	head	4.046836935682222 1.0 0.0 0.0 -0.0006522394251078367 0.0 1.0 0.0 0.001704962458461523 0.0 0.0 1.0 0.04578421264886856 0.0 0.0 0.0 1.0
/Volumes/Medusa/Luna1/MM/Clock/10811/MEG/10811_clock_run7_raw_chpi_sss.fif	miss	MEG device	head	4.037015747511759 0.9975208044052124 0.06668644398450851 0.022472446784377098 -0.00495958374813199 -0.06738238781690598 0.9972207546234131 0.03178182989358902 -0.0031312399078160524 -0.02029057778418064 -0.03321728855371475 0.9992420673370361 0.05107247829437256 0.0 0.0 0.0 1.0
/Volumes/Medusa/Luna1/MM/Clock/10811/MEG/10811_clock_run6_raw_chpi_sss.fif	miss	MEG device	head	4.040423605823889 0.9974676966667175 0.06610077619552612 -0.026250185444951057 -0.00858509074896574 -0.06476305425167084 0.9967017769813538 0.04890260845422745 -0.0021202347707003355 0.02939610369503498 -0.047078728675842285 0.9984585642814636 0.05219337344169617 0.0 0.0 0.0 1.0
/Volumes/Medusa/Luna1/MM/Clock/10811/MEG/10811_clock_run1_ds_sss_raw.fif	miss	MEG device	head	4.046836935682222 1.0 0.0 0.0 -0.0006522394251078367 0.0 1.0 0.0 0.001704962458461523 0.0 0.0 1.0 0.04578421264886856 0.0 0.0 0.0 1.0
/Volumes/Medusa/Luna1/MM/Clock/10811/MEG/10811_clock_run1_raw_chpi_sss.fif	miss	MEG device	head	4.030351391294971 0.9967784285545349 0.07639337331056595 0.024425849318504333 -0.006031137891113758 -0.07741134613752365 0.9960333704948425 0.04387160390615463 -0.0034170232247561216 -0.020977463573217392 -0.0456211119890213 0.9987384676933289 0.04756838083267212 0.0 0.0 0.0 1.0
/Volumes/Medusa/Luna1/MM/Clock/10811/MEG/10811_clock_run6_raw-eve.fif	miss	NA	NA	0.0 0.0 0.0 0.0 0.0
/Volumes/Medusa/Luna1/MM/Clock/10811/MEG/10811_clock_run6_ds_sss_raw.fif	miss	MEG device	head	4.046836935682222 1.0 0.0 0.0 -0.0006522394251078367 0.0 1.0 0.0 0.001704962458461523 0.0 0.0 1.0 0.04578421264886856 0.0 0.0 0.0 1.0
/Volumes/Medusa/Luna1/MM/Clock/10811/MEG/10811_clock_run6_dn_ds_sss_raw.fif	miss	MEG device	head	4.046836935682222 1.0 0.0 0.0 -0.0006522394251078367 0.0 1.0 0.0 0.001704962458461523 0.0 0.0 1.0 0.04578421264886856 0.0 0.0 0.0 1.0
/Volumes/Medusa/Luna1/MM/Clock/10811/MEG/10811_clock_run2_raw_chpi_sss.fif	miss	MEG device	head	4.033066665288061 0.9966138601303101 0.08160986751317978 -0.010056830942630768 -0.006416814401745796 -0.08146563917398453 0.9965779781341553 0.014002657495439053 -0.004235012922435999 0.01116516999900341 -0.013135953806340694 0.9998515844345093 0.04855579882860184 0.0 0.0 0.0 1.0
/Volumes/Medusa/Luna1/MM/Clock/10811/MEG/10811_clock_run8_ds_sss_raw.fif	miss	MEG device	head	4.046836935682222 1.0 0.0 0.0 -0.0006522394251078367 0.0 1.0 0.0 0.001704962458461523 0.0 0.0 1.0 0.04578421264886856 0.0 0.0 0.0 1.0
/Volumes/Medusa/Luna1/MM/Clock/10811/MEG/10811_clock_run4_raw-eve.fif	miss	NA	NA	0.0 0.0 0.0 0.0 0.0
/Volumes/Medusa/Luna1/MM/Clock/10811/MEG/10811_clock_run3_raw_chpi_sss.fif	miss	MEG device	head	4.03165130270645 0.9957284331321716 0.09184113144874573 -0.009490178897976875 -0.007001577876508236 -0.09060834348201752 0.9917417168617249 0.09076568484306335 -0.004510368686169386 0.017747830599546432 -0.08951808512210846 0.9958270192146301 0.04912804067134857 0.0 0.0 0.0 1.0
/Volumes/Medusa/Luna1/MM/Clock/10811/MEG/10811_clock_run8_dn_ds_sss_raw.fif	miss	MEG device	head	4.046836935682222 1.0 0.0 0.0 -0.0006522394251078367 0.0 1.0 0.0 0.001704962458461523 0.0 0.0 1.0 0.04578421264886856 0.0 0.0 0.0 1.0
/Volumes/Medusa/Luna1/MM/Clock/10811/MEG/10811_clock_run8_raw-eve.fif	miss	NA	NA	0.0 0.0 0.0 0.0 0.0
/Volumes/Medusa/Luna1/MM/Clock/10811/MEG/10811_clock_run7_raw-eve.fif	miss	NA	NA	0.0 0.0 0.0 0.0 0.0
/Volumes/Medusa/Luna1/MM/Clock/10811/MEG/10811_clock_run3_dn_ds_sss_raw.fif	miss	MEG device	head	4.046836935682222 1.0 0.0 0.0 -0.0006522394251078367 0.0 1.0 0.0 0.001704962458461523 0.0 0.0 1.0 0.04578421264886856 0.0 0.0 0.0 1.0
/Volumes/Medusa/Luna1/MM/Clock/10811/MEG/10811_clock_rest_raw.fif	miss	MEG device	head	4.044079953338951 0.999059796333313 0.04084428772330284 0.014537191018462181 -0.00528828427195549 -0.041713979095220566 0.9969712495803833 0.06563700735569 -0.0010585100390017033 -0.01181226409971714 -0.06618170440196991 0.9977376461029053 0.055347517132759094 0.0 0.0 0.0 1.0
/Volumes/Medusa/Luna1/MM/Clock/10811/MEG/10811_clock_run5_raw-eve.fif	miss	NA	NA	0.0 0.0 0.0 0.0 0.0
/Volumes/Medusa/Luna1/MM/Clock/10811/MEG/10811_clock_run5_dn_ds_sss_raw.fif	miss	MEG device	head	4.046836935682222 1.0 0.0 0.0 -0.0006522394251078367 0.0 1.0 0.0 0.001704962458461523 0.0 0.0 1.0 0.04578421264886856 0.0 0.0 0.0 1.0
/Volumes/Medusa/Luna1/MM/Clock/10811/MEG/10811_clock_run7_ds_sss_raw.fif	miss	MEG device	head	4.046836935682222 1.0 0.0 0.0 -0.0006522394251078367 0.0 1.0 0.0 0.001704962458461523 0.0 0.0 1.0 0.04578421264886856 0.0 0.0 0.0 1.0
/Volumes/Medusa/Luna1/MM/Clock/10811/MEG/10811_clock_run2_dn_ds_sss_raw.fif	miss	MEG device	head	4.046836935682222 1.0 0.0 0.0 -0.0006522394251078367 0.0 1.0 0.0 0.001704962458461523 0.0 0.0 1.0 0.04578421264886856 0.0 0.0 0.0 1.0
/Volumes/Medusa/Luna1/MM/Clock/10811/MEG/10811_clock_run3_raw-eve.fif	miss	NA	NA	0.0 0.0 0.0 0.0 0.0
/Volumes/Medusa/Luna1/MM/Clock/10811/MEG/10811_clock_run8_raw_chpi_sss.fif	miss	MEG device	head	4.041165965143591 0.9994289875030518 0.03045494481921196 0.014643278904259205 -0.007015746086835861 -0.031321268528699875 0.9975152015686035 0.06310831755399704 -0.0014390884898602962 -0.012684931047260761 -0.06353091448545456 0.9978994131088257 0.05410777032375336 0.0 0.0 0.0 1.0
/Volumes/Medusa/Luna1/MM/Clock/10811/MEG/10811_clock_run5_ds_sss_raw.fif	miss	MEG device	head	4.046836935682222 1.0 0.0 0.0 -0.0006522394251078367 0.0 1.0 0.0 0.001704962458461523 0.0 0.0 1.0 0.04578421264886856 0.0 0.0 0.0 1.0
/Volumes/Medusa/Luna1/MM/Clock/10811/MEG/10811_clock_run2_ds_sss_raw.fif	miss	MEG device	head	4.046836935682222 1.0 0.0 0.0 -0.0006522394251078367 0.0 1.0 0.0 0.001704962458461523 0.0 0.0 1.0 0.04578421264886856 0.0 0.0 0.0 1.0
/Volumes/Medusa/Luna1/MM/Clock/10811/MEG/10811_clock_run4_dn_ds_sss_raw.fif	miss	MEG device	head	4.046836935682222 1.0 0.0 0.0 -0.0006522394251078367 0.0 1.0 0.0 0.001704962458461523 0.0 0.0 1.0 0.04578421264886856 0.0 0.0 0.0 1.0
/Volumes/Medusa/Luna1/MM/Clock/10811/MEG/10811_clock_run1_raw-eve.fif	miss	NA	NA	0.0 0.0 0.0 0.0 0.0
/Volumes/Medusa/Luna1/MM/Clock/10638/MEG/10638_clock_run1_raw-eve.fif	miss	NA	NA	0.0 0.0 0.0 0.0 0.0
/Volumes/Medusa/Luna1/MM/Clock/10638/MEG/10638_clock_run2_ds_sss_raw.fif	miss	MEG device	head	4.05264682858251 1.0 0.0 0.0 0.0009796170052140951 0.0 1.0 0.0 -0.0060788411647081375 0.0 0.0 1.0 0.057746052742004395 0.0 0.0 0.0 1.0
/Volumes/Medusa/Luna1/MM/Clock/10638/MEG/10638_clock_run8_raw_chpi_sss.fif	miss	MEG device	head	4.044888111995533 0.9992700815200806 0.03547588735818863 0.014169863425195217 -0.002032539574429393 -0.03574587404727936 0.999174952507019 0.019277820363640785 -0.00799528881907463 -0.01347427535802126 -0.019770262762904167 0.999713659286499 0.05682408809661865 0.0 0.0 0.0 1.0
/Volumes/Medusa/Luna1/MM/Clock/10638/MEG/10638_clock_run5_ds_sss_raw.fif	miss	MEG device	head	4.05264682858251 1.0 0.0 0.0 0.0009796170052140951 0.0 1.0 0.0 -0.0060788411647081375 0.0 0.0 1.0 0.057746052742004395 0.0 0.0 0.0 1.0
/Volumes/Medusa/Luna1/MM/Clock/10638/MEG/10638_clock_run6_dn_ds_sss_raw.fif	miss	MEG device	head	4.05264682858251 1.0 0.0 0.0 0.0009796170052140951 0.0 1.0 0.0 -0.0060788411647081375 0.0 0.0 1.0 0.057746052742004395 0.0 0.0 0.0 1.0
/Volumes/Medusa/Luna1/MM/Clock/10638/MEG/10638_clock_run3_raw-eve.fif	miss	NA	NA	0.0 0.0 0.0 0.0 0.0
/Volumes/Medusa/Luna1/MM/Clock/10638/MEG/10638_clock_run7_ds_sss_raw.fif	miss	MEG device	head	4.05264682858251 1.0 0.0 0.0 0.0009796170052140951 0.0 1.0 0.0 -0.0060788411647081375 0.0 0.0 1.0 0.057746052742004395 0.0 0.0 0.0 1.0
/Volumes/Medusa/Luna1/MM/Clock/10638/MEG/10638_clock_emptyroom_raw-eve.fif	miss	NA	NA	0.0 0.0 0.0 0.0 0.0
/Volumes/Medusa/Luna1/MM/Clock/10638/MEG/10638_clock_run5_raw-eve.fif	miss	NA	NA	0.0 0.0 0.0 0.0 0.0
/Volumes/Medusa/Luna1/MM/Clock/10638/MEG/10638_clock_run1_dn_ds_sss_raw.fif	miss	MEG device	head	4.05264682858251 1.0 0.0 0.0 0.0009796170052140951 0.0 1.0 0.0 -0.0060788411647081375 0.0 0.0 1.0 0.057746052742004395 0.0 0.0 0.0 1.0
/Volumes/Medusa/Luna1/MM/Clock/10638/MEG/10638_clock_run7_dn_ds_sss_raw.fif	miss	MEG device	head	4.05264682858251 1.0 0.0 0.0 0.0009796170052140951 0.0 1.0 0.0 -0.0060788411647081375 0.0 0.0 1.0 0.057746052742004395 0.0 0.0 0.0 1.0
/Volumes/Medusa/Luna1/MM/Clock/10638/MEG/10638_clock_run7_raw-eve.fif	miss	NA	NA	0.0 0.0 0.0 0.0 0.0
/Volumes/Medusa/Luna1/MM/Clock/10638/MEG/10638_clock_run8_raw-eve.fif	miss	NA	NA	0.0 0.0 0.0 0.0 0.0
/Volumes/Medusa/Luna1/MM/Clock/10638/MEG/10638_clock_run8_ds_sss_raw.fif	miss	MEG device	head	4.05264682858251 1.0 0.0 0.0 0.0009796170052140951 0.0 1.0 0.0 -0.0060788411647081375 0.0 0.0 1.0 0.057746052742004395 0.0 0.0 0.0 1.0
/Volumes/Medusa/Luna1/MM/Clock/10638/MEG/10638_clock_run2_dn_ds_sss_raw.fif	miss	MEG device	head	4.05264682858251 1.0 0.0 0.0 0.0009796170052140951 0.0 1.0 0.0 -0.0060788411647081375 0.0 0.0 1.0 0.057746052742004395 0.0 0.0 0.0 1.0
/Volumes/Medusa/Luna1/MM/Clock/10638/MEG/10638_clock_run2_raw_chpi_sss.fif	miss	MEG device	head	4.043519499362446 0.999814510345459 0.01598445326089859 -0.010738956741988659 -0.0007570249726995826 -0.01622915267944336 0.9996013641357422 -0.02309923805296421 -0.010309882462024689 0.010365447960793972 0.02326923795044422 0.9996753931045532 0.05594334751367569 0.0 0.0 0.0 1.0
/Volumes/Medusa/Luna1/MM/Clock/10638/MEG/10638_clock_run4_raw-eve.fif	miss	NA	NA	0.0 0.0 0.0 0.0 0.0
/Volumes/Medusa/Luna1/MM/Clock/10638/MEG/10638_clock_run3_raw_chpi_sss.fif	miss	MEG device	head	4.044394962082151 0.9997159242630005 0.02362360991537571 -0.0032746063079684973 -0.0009437202825210989 -0.023620309308171272 0.9997208118438721 0.0010432155104354024 -0.009750218130648136 0.003298335475847125 -0.0009655716130509973 0.9999945163726807 0.055552974343299866 0.0 0.0 0.0 1.0
/Volumes/Medusa/Luna1/MM/Clock/10638/MEG/10638_clock_run6_raw-eve.fif	miss	NA	NA	0.0 0.0 0.0 0.0 0.0
/Volumes/Medusa/Luna1/MM/Clock/10638/MEG/10638_clock_run6_ds_sss_raw.fif	miss	MEG device	head	4.05264682858251 1.0 0.0 0.0 0.0009796170052140951 0.0 1.0 0.0 -0.0060788411647081375 0.0 0.0 1.0 0.057746052742004395 0.0 0.0 0.0 1.0
/Volumes/Medusa/Luna1/MM/Clock/10638/MEG/10638_clock_run1_raw_chpi_sss.fif	miss	MEG device	head	4.039783738786355 0.9996080994606018 0.0259187500923872 -0.010587271302938461 -0.0011390324216336012 -0.026270026341080666 0.9990591406822205 -0.034510042518377304 -0.011190810240805149 0.009682852774858475 0.03477464243769646 0.9993483424186707 0.05508909374475479 0.0 0.0 0.0 1.0
/Volumes/Medusa/Luna1/MM/Clock/10638/MEG/10638_clock_run1_ds_sss_raw.fif	miss	MEG device	head	4.05264682858251 1.0 0.0 0.0 0.0009796170052140951 0.0 1.0 0.0 -0.0060788411647081375 0.0 0.0 1.0 0.057746052742004395 0.0 0.0 0.0 1.0
/Volumes/Medusa/Luna1/MM/Clock/10638/MEG/10638_clock_run4_dn_ds_sss_raw.fif	miss	MEG device	head	4.05264682858251 1.0 0.0 0.0 0.0009796170052140951 0.0 1.0 0.0 -0.0060788411647081375 0.0 0.0 1.0 0.057746052742004395 0.0 0.0 0.0 1.0
/Volumes/Medusa/Luna1/MM/Clock/10638/MEG/10638_clock_run8_dn_ds_sss_raw.fif	miss	MEG device	head	4.05264682858251 1.0 0.0 0.0 0.0009796170052140951 0.0 1.0 0.0 -0.0060788411647081375 0.0 0.0 1.0 0.057746052742004395 0.0 0.0 0.0 1.0
/Volumes/Medusa/Luna1/MM/Clock/10638/MEG/10638_clock_run7_raw_chpi_sss.fif	miss	MEG device	head	4.045676541747525 0.9994586110115051 0.03237852081656456 0.00585923669859767 -0.0013937025796622038 -0.03239212557673454 0.9994727969169617 0.002242481801658869 -0.00814411137253046 -0.0057835387997329235 -0.002431060653179884 0.9999803900718689 0.05642904341220856 0.0 0.0 0.0 1.0
/Volumes/Medusa/Luna1/MM/Clock/10638/MEG/10638_clock_run3_dn_ds_sss_raw.fif	miss	MEG device	head	4.05264682858251 1.0 0.0 0.0 0.0009796170052140951 0.0 1.0 0.0 -0.0060788411647081375 0.0 0.0 1.0 0.057746052742004395 0.0 0.0 0.0 1.0
/Volumes/Medusa/Luna1/MM/Clock/10638/MEG/10638_clock_run6_raw_chpi_sss.fif	miss	MEG device	head	4.045461228000931 0.9993578791618347 0.035637956112623215 0.0036930469796061516 -0.0011972534703090787 -0.035627830773591995 0.9993612170219421 -0.002771347062662244 -0.008229796774685383 -0.00378945330157876 0.0026379923801869154 0.9999892115592957 0.05639960616827011 0.0 0.0 0.0 1.0
/Volumes/Medusa/Luna1/MM/Clock/10638/MEG/10638_clock_run5_raw_chpi_sss.fif	miss	MEG device	head	4.0454120464855805 0.9994425177574158 0.03311965987086296 0.004193007946014404 -0.001279319985769689 -0.03310729190707207 0.9994471669197083 -0.0029862376395612955 -0.00834258645772934 -0.004289593547582626 0.002845754148438573 0.9999865889549255 0.05638238042593002 0.0 0.0 0.0 1.0
/Volumes/Medusa/Luna1/MM/Clock/10638/MEG/10638_clock_run3_ds_sss_raw.fif	miss	MEG device	head	4.05264682858251 1.0 0.0 0.0 0.0009796170052140951 0.0 1.0 0.0 -0.0060788411647081375 0.0 0.0 1.0 0.057746052742004395 0.0 0.0 0.0 1.0
/Volumes/Medusa/Luna1/MM/Clock/10638/MEG/10638_clock_emptyroom_raw.fif	miss	MEG device	head	4.045060656266287 0.999388575553894 0.03230048343539238 0.013398967683315277 -0.0020465690176934004 -0.03271253779530525 0.998960018157959 0.03176699951291084 -0.007850000634789467 -0.01235894113779068 -0.032185886055231094 0.9994056224822998 0.05699392408132553 0.0 0.0 0.0 1.0
/Volumes/Medusa/Luna1/MM/Clock/10638/MEG/10638_clock_rest_raw-eve.fif	miss	NA	NA	0.0 0.0 0.0 0.0 0.0
/Volumes/Medusa/Luna1/MM/Clock/10638/MEG/10638_clock_run5_dn_ds_sss_raw.fif	miss	MEG device	head	4.05264682858251 1.0 0.0 0.0 0.0009796170052140951 0.0 1.0 0.0 -0.0060788411647081375 0.0 0.0 1.0 0.057746052742004395 0.0 0.0 0.0 1.0
/Volumes/Medusa/Luna1/MM/Clock/10638/MEG/10638_clock_rest_raw.fif	miss	MEG device	head	4.045060656266287 0.999388575553894 0.03230048343539238 0.013398967683315277 -0.0020465690176934004 -0.03271253779530525 0.998960018157959 0.03176699951291084 -0.007850000634789467 -0.01235894113779068 -0.032185886055231094 0.9994056224822998 0.05699392408132553 0.0 0.0 0.0 1.0
/Volumes/Medusa/Luna1/MM/Clock/10638/MEG/10638_clock_run2_raw-eve.fif	miss	NA	NA	0.0 0.0 0.0 0.0 0.0
/Volumes/Medusa/Luna1/MM/Clock/10638/MEG/10638_clock_run4_raw_chpi_sss.fif	miss	MEG device	head	4.045271225157194 0.9995814561843872 0.028770960867404938 0.003034919034689665 -0.0011159597197547555 -0.028787430375814438 0.999570369720459 0.005529908463358879 -0.008997920900583267 -0.00287451408803463 -0.005614961497485638 0.9999802112579346 0.056194186210632324 0.0 0.0 0.0 1.0
/Volumes/Medusa/Luna1/MM/Clock/10638/MEG/10638_clock_run4_ds_sss_raw.fif	miss	MEG device	head	4.05264682858251 1.0 0.0 0.0 0.0009796170052140951 0.0 1.0 0.0 -0.0060788411647081375 0.0 0.0 1.0 0.057746052742004395 0.0 0.0 0.0 1.0
/Volumes/Medusa/Luna1/MM/Clock/11282/MEG/11282_clock_run2_dn_ds_sss_raw.fif	miss	MEG device	head	4.041670266538858 1.0 0.0 0.0 -0.0018497924320399761 0.0 1.0 0.0 -0.006663207430392504 0.0 0.0 1.0 0.050183266401290894 0.0 0.0 0.0 1.0
