/Volumes/Zeus/meg/MMY4/subjs/10142_20150407/10142_Switch_emptyroom_sss.fif	miss	MEG device	head	4.0069614253006876 0.9983041882514954 -0.026012446731328964 -0.05207337066531181 -0.002612451557070017 0.016131490468978882 0.9831885695457458 -0.18187807500362396 -0.0031662657856941223 0.055929046124219894 0.1807296723127365 0.9819411635398865 0.05647990480065346 0.0 0.0 0.0 1.0
/Volumes/Zeus/meg/MMY4/subjs/10142_20150407/10142_Switch_emptyroom_ds_sss.fif	miss	MEG device	head	4.050025614444166 1.0 0.0 0.0 -0.0010734153911471367 0.0 1.0 0.0 -0.0034280032850801945 0.0 0.0 1.0 0.05452703312039375 0.0 0.0 0.0 1.0
/Volumes/Zeus/meg/MMY4/subjs/10142_20150407/10142_Switch_rest_sss.fif	miss	MEG device	head	4.0069614253006876 0.9983041882514954 -0.026012446731328964 -0.05207337066531181 -0.002612451557070017 0.016131490468978882 0.9831885695457458 -0.18187807500362396 -0.0031662657856941223 0.055929046124219894 0.1807296723127365 0.9819411635398865 0.05647990480065346 0.0 0.0 0.0 1.0
/Volumes/Zeus/meg/MMY4/subjs/10142_20150407/10142_Switch_rest_ds_sss.fif	miss	MEG device	head	4.050025614444166 1.0 0.0 0.0 -0.0010734153911471367 0.0 1.0 0.0 -0.0034280032850801945 0.0 0.0 1.0 0.05452703312039375 0.0 0.0 0.0 1.0
/Volumes/Zeus/meg/MMY4/subjs/10142/10142_Switch_run6_sss.fif	miss	MEG device	head	4.007958741625771 0.9984406232833862 -0.04017718881368637 -0.03876382112503052 -0.0034157850313931704 0.03203964978456497 0.9809713363647461 -0.19149254262447357 -0.002924262546002865 0.04571981728076935 0.18995191156864166 0.9807286262512207 0.05688037723302841 0.0 0.0 0.0 1.0
/Volumes/Zeus/meg/MMY4/subjs/10142/10142_Switch_run4_sss.fif	miss	MEG device	head	4.004671418573707 0.9974831938743591 -0.038791634142398834 -0.05935416370630264 -0.003645410295575857 0.027449995279312134 0.983066737651825 -0.18118120729923248 -0.002388221211731434 0.06537740677595139 0.17909590899944305 0.9816572070121765 0.055901605635881424 0.0 0.0 0.0 1.0
/Volumes/Zeus/meg/MMY4/subjs/10142/10142_Switch_run5_sss.fif	miss	MEG device	head	4.007736289640889 0.9972549080848694 -0.04158603027462959 -0.06126594543457031 -0.0029858427587896585 0.030476899817585945 0.9845854640007019 -0.1722288727760315 -0.0032987073063850403 0.06748387217521667 0.16988888382911682 0.9831499457359314 0.05626171454787254 0.0 0.0 0.0 1.0
/Volumes/Zeus/meg/MMY4/subjs/10142/10142_Switch_run1_sss.fif	miss	MEG device	head	4.009873473085463 0.9971598982810974 -0.05212448164820671 -0.0543670691549778 -0.004058356396853924 0.04250754788517952 0.9853643774986267 -0.16507768630981445 -0.0020021386444568634 0.062175948172807693 0.162297785282135 0.9847813248634338 0.053216323256492615 0.0 0.0 0.0 1.0
/Volumes/Zeus/meg/MMY4/subjs/10142/10142_Switch_run1_ds_sss.fif	miss	MEG device	head	4.050025614444166 1.0 0.0 0.0 -0.0010734153911471367 0.0 1.0 0.0 -0.0034280032850801945 0.0 0.0 1.0 0.05452703312039375 0.0 0.0 0.0 1.0
/Volumes/Zeus/meg/MMY4/subjs/10142/10142_Switch_run2_sss.fif	miss	MEG device	head	4.006278354674578 0.9976444840431213 -0.03776174038648605 -0.057266879826784134 -0.0046040816232562065 0.02723604254424572 0.9842715859413147 -0.17454980313777924 -0.003191041760146618 0.06295746564865112 0.17257891595363617 0.9829816222190857 0.05598178505897522 0.0 0.0 0.0 1.0
/Volumes/Zeus/meg/MMY4/subjs/10142/10142_Switch_run2_ds_sss.fif	miss	MEG device	head	4.050025614444166 1.0 0.0 0.0 -0.0010734153911471367 0.0 1.0 0.0 -0.0034280032850801945 0.0 0.0 1.0 0.05452703312039375 0.0 0.0 0.0 1.0
/Volumes/Zeus/meg/MMY4/subjs/10142/10142_Switch_run3_sss.fif	miss	MEG device	head	4.005031697684899 0.9973515868186951 -0.035795658826828 -0.0633123517036438 -0.0031723601277917624 0.024139514192938805 0.9840742945671082 -0.17611102759838104 -0.0027513671666383743 0.06860806047916412 0.17411629855632782 0.982332170009613 0.055552538484334946 0.0 0.0 0.0 1.0
/Volumes/Zeus/meg/MMY4/subjs/10142/10142_Switch_run3_ds_sss.fif	miss	MEG device	head	4.050025614444166 1.0 0.0 0.0 -0.0010734153911471367 0.0 1.0 0.0 -0.0034280032850801945 0.0 0.0 1.0 0.05452703312039375 0.0 0.0 0.0 1.0
/Volumes/Zeus/meg/MMY4/subjs/10142/10142_Switch_run4_ds_sss.fif	miss	MEG device	head	4.050025614444166 1.0 0.0 0.0 -0.0010734153911471367 0.0 1.0 0.0 -0.0034280032850801945 0.0 0.0 1.0 0.05452703312039375 0.0 0.0 0.0 1.0
/Volumes/Zeus/meg/MMY4/subjs/10142/10142_Switch_run5_ds_sss.fif	miss	MEG device	head	4.050025614444166 1.0 0.0 0.0 -0.0010734153911471367 0.0 1.0 0.0 -0.0034280032850801945 0.0 0.0 1.0 0.05452703312039375 0.0 0.0 0.0 1.0
/Volumes/Zeus/meg/MMY4/subjs/10142/10142_Switch_run6_ds_sss.fif	miss	MEG device	head	4.050025614444166 1.0 0.0 0.0 -0.0010734153911471367 0.0 1.0 0.0 -0.0034280032850801945 0.0 0.0 1.0 0.05452703312039375 0.0 0.0 0.0 1.0
/Volumes/Zeus/meg/MMY4/subjs/10142/10142_Switch_run7_sss.fif	miss	MEG device	head	4.008847809396684 0.9969937205314636 -0.04028625041246414 -0.06618829071521759 -0.0018169470131397247 0.028709962964057922 0.9854772686958313 -0.16736388206481934 -0.003182333894073963 0.07196950912475586 0.16496044397354126 0.9836710095405579 0.0559035986661911 0.0 0.0 0.0 1.0
/Volumes/Zeus/meg/MMY4/subjs/10142/10142_Switch_run7_ds_sss.fif	miss	MEG device	head	4.050025614444166 1.0 0.0 0.0 -0.0010734153911471367 0.0 1.0 0.0 -0.0034280032850801945 0.0 0.0 1.0 0.05452703312039375 0.0 0.0 0.0 1.0
/Volumes/Zeus/meg/MMY4/subjs/10142/10142_Switch_run8_sss.fif	miss	MEG device	head	4.008921833708882 0.9977971911430359 -0.03695942461490631 -0.055091097950935364 -0.0019483938813209534 0.026767700910568237 0.9841296076774597 -0.17542089521884918 -0.0035240519791841507 0.06070023775100708 0.17355979979038239 0.9829509854316711 0.05596017464995384 0.0 0.0 0.0 1.0
/Volumes/Zeus/meg/MMY4/subjs/10142/10142_Switch_run8_ds_sss.fif	miss	MEG device	head	4.050025614444166 1.0 0.0 0.0 -0.0010734153911471367 0.0 1.0 0.0 -0.0034280032850801945 0.0 0.0 1.0 0.05452703312039375 0.0 0.0 0.0 1.0
/Volumes/Zeus/meg/MMY4/subjs/10142/10142_Switch_run9_sss.fif	miss	MEG device	head	4.010941473534331 0.9971919655799866 -0.030299216508865356 -0.06848160177469254 -0.0017841935623437166 0.01904865726828575 0.9870408177375793 -0.1593332439661026 -0.0033206632360816 0.07242182642221451 0.1575813740491867 0.9848465323448181 0.056029219180345535 0.0 0.0 0.0 1.0
/Volumes/Zeus/meg/MMY4/subjs/10142/10142_Switch_run9_ds_sss.fif	miss	MEG device	head	4.050025614444166 1.0 0.0 0.0 -0.0010734153911471367 0.0 1.0 0.0 -0.0034280032850801945 0.0 0.0 1.0 0.05452703312039375 0.0 0.0 0.0 1.0
/Volumes/Zeus/meg/MMY4/subjs/10142/concat_ds_sss.fif	miss	MEG device	head	4.050025614444166 1.0 0.0 0.0 -0.0010734153911471367 0.0 1.0 0.0 -0.0034280032850801945 0.0 0.0 1.0 0.05452703312039375 0.0 0.0 0.0 1.0
/Volumes/Zeus/meg/MMY4/subjs/10142/concat_ds_sss_bak.fif	miss	MEG device	head	4.050025614444166 1.0 0.0 0.0 -0.0010734153911471367 0.0 1.0 0.0 -0.0034280032850801945 0.0 0.0 1.0 0.05452703312039375 0.0 0.0 0.0 1.0
/Volumes/Zeus/meg/MMY4/subjs/10662/10662_Switch_run1_sss.fif	miss	MEG device	head	4.035312126856297 0.998439610004425 -0.020901719108223915 0.051775626838207245 0.0029124529100954533 0.024511931464076042 0.9972380995750427 -0.07010428607463837 -0.014993968419730663 -0.05016734451055527 0.07126404345035553 0.9961947798728943 0.049142900854349136 0.0 0.0 0.0 1.0
/Volumes/Zeus/meg/MMY4/subjs/10662/10662_Switch_run1_ds_sss.fif	miss	MEG device	head	4.052668394520879 1.0 0.0 0.0 0.0023720909375697374 0.0 1.0 0.0 -0.0013124227989464998 0.0 0.0 1.0 0.051608726382255554 0.0 0.0 0.0 1.0
/Volumes/Zeus/meg/MMY4/subjs/10662/10662_Switch_run2_sss.fif	miss	MEG device	head	4.035584002267569 0.9982781410217285 -0.024650972336530685 0.05321940407156944 0.0032592336647212505 0.028248991817235947 0.9972883462905884 -0.06794936954975128 -0.014981117099523544 -0.051400091499090195 0.06933578848838806 0.9962679147720337 0.04866773262619972 0.0 0.0 0.0 1.0
/Volumes/Zeus/meg/MMY4/subjs/10662/10662_Switch_run2_ds_sss.fif	miss	MEG device	head	4.052668394520879 1.0 0.0 0.0 0.0023720909375697374 0.0 1.0 0.0 -0.0013124227989464998 0.0 0.0 1.0 0.051608726382255554 0.0 0.0 0.0 1.0
/Volumes/Zeus/meg/MMY4/subjs/10662/10662_Switch_run3_sss.fif	miss	MEG device	head	4.034361248137429 0.9977371096611023 -0.018228543922305107 0.0647156685590744 0.0023085784632712603 0.022789692506194115 0.9972544312477112 -0.07045631110668182 -0.014797564595937729 -0.06325367093086243 0.07177174091339111 0.9954132437705994 0.04910687357187271 0.0 0.0 0.0 1.0
/Volumes/Zeus/meg/MMY4/subjs/10662/10662_Switch_run3_ds_sss.fif	miss	MEG device	head	4.052668394520879 1.0 0.0 0.0 0.0023720909375697374 0.0 1.0 0.0 -0.0013124227989464998 0.0 0.0 1.0 0.051608726382255554 0.0 0.0 0.0 1.0
/Volumes/Zeus/meg/MMY4/subjs/10662/10662_Switch_run4_sss.fif	miss	MEG device	head	4.036651009460911 0.9982382655143738 -0.03444935381412506 0.048310402780771255 0.002908865688368678 0.037694141268730164 0.9969767928123474 -0.06794669479131699 -0.014724024571478367 -0.04582362249493599 0.06964800506830215 0.9965187907218933 0.049299441277980804 0.0 0.0 0.0 1.0
/Volumes/Zeus/meg/MMY4/subjs/10662/10662_Switch_run4_ds_sss.fif	miss	MEG device	head	4.052668394520879 1.0 0.0 0.0 0.0023720909375697374 0.0 1.0 0.0 -0.0013124227989464998 0.0 0.0 1.0 0.051608726382255554 0.0 0.0 0.0 1.0
/Volumes/Zeus/meg/MMY4/subjs/10662/10662_Switch_run5_sss.fif	miss	MEG device	head	4.03625466953963 0.9981838464736938 -0.034187331795692444 0.04960015416145325 0.002512684091925621 0.0372418612241745 0.9973795413970947 -0.06202557682991028 -0.014734341762959957 -0.04734969139099121 0.06376013159751892 0.996841311454773 0.04903208091855049 0.0 0.0 0.0 1.0
/Volumes/Zeus/meg/MMY4/subjs/10662/10662_Switch_run5_ds_sss.fif	miss	MEG device	head	4.052668394520879 1.0 0.0 0.0 0.0023720909375697374 0.0 1.0 0.0 -0.0013124227989464998 0.0 0.0 1.0 0.051608726382255554 0.0 0.0 0.0 1.0
/Volumes/Zeus/meg/MMY4/subjs/10662/10662_Switch_run6_sss.fif	miss	MEG device	head	4.036579184699804 0.9984893202781677 -0.03472170606255531 0.04258491098880768 0.003098980989307165 0.037277963012456894 0.997454822063446 -0.060780130326747894 -0.015074596740305424 -0.04036613553762436 0.06227578967809677 0.9972423911094666 0.04909757524728775 0.0 0.0 0.0 1.0
/Volumes/Zeus/meg/MMY4/subjs/10662/10662_Switch_run6_ds_sss.fif	miss	MEG device	head	4.052668394520879 1.0 0.0 0.0 0.0023720909375697374 0.0 1.0 0.0 -0.0013124227989464998 0.0 0.0 1.0 0.051608726382255554 0.0 0.0 0.0 1.0
/Volumes/Zeus/meg/MMY4/subjs/10662/10662_Switch_run7_sss.fif	miss	MEG device	head	4.036188690923154 0.9982137084007263 -0.030675241723656654 0.05126509070396423 0.002464340068399906 0.03231116384267807 0.9989845156669617 -0.03139276057481766 -0.014404695481061935 -0.050250060856342316 0.032993122935295105 0.9981914162635803 0.04848809167742729 0.0 0.0 0.0 1.0
/Volumes/Zeus/meg/MMY4/subjs/10662/10662_Switch_run7_ds_sss.fif	miss	MEG device	head	4.052668394520879 1.0 0.0 0.0 0.0023720909375697374 0.0 1.0 0.0 -0.0013124227989464998 0.0 0.0 1.0 0.051608726382255554 0.0 0.0 0.0 1.0
/Volumes/Zeus/meg/MMY4/subjs/10662/10662_Switch_run8_sss.fif	miss	MEG device	head	4.03690950688906 0.9981202483177185 -0.04910948872566223 0.03666536882519722 0.0019236479420214891 0.050513386726379395 0.9979849457740784 -0.03839873522520065 -0.014171142131090164 -0.0347057469189167 0.04017864167690277 0.9985896944999695 0.04931868612766266 0.0 0.0 0.0 1.0
/Volumes/Zeus/meg/MMY4/subjs/10662/10662_Switch_run8_ds_sss.fif	miss	MEG device	head	4.052668394520879 1.0 0.0 0.0 0.0023720909375697374 0.0 1.0 0.0 -0.0013124227989464998 0.0 0.0 1.0 0.051608726382255554 0.0 0.0 0.0 1.0
/Volumes/Zeus/meg/MMY4/subjs/10662/10662_Switch_run9_sss.fif	miss	MEG device	head	4.036953096976504 0.9983289241790771 -0.0476103313267231 0.032751716673374176 0.0022090438287705183 0.04893272742629051 0.9979671239852905 -0.04083503037691116 -0.014374365098774433 -0.03074096143245697 0.04236941784620285 0.998629093170166 0.04932573810219765 0.0 0.0 0.0 1.0
/Volumes/Zeus/meg/MMY4/subjs/10662/10662_Switch_run9_ds_sss.fif	miss	MEG device	head	4.052668394520879 1.0 0.0 0.0 0.0023720909375697374 0.0 1.0 0.0 -0.0013124227989464998 0.0 0.0 1.0 0.051608726382255554 0.0 0.0 0.0 1.0
/Volumes/Zeus/meg/MMY4/subjs/10662/concat_ds_sss.fif	miss	MEG device	head	4.052668394520879 1.0 0.0 0.0 0.0023720909375697374 0.0 1.0 0.0 -0.0013124227989464998 0.0 0.0 1.0 0.051608726382255554 0.0 0.0 0.0 1.0
/Volumes/Zeus/meg/MMY4/subjs/10772/10772_Switch_run1_sss.fif	miss	MEG device	head	4.029705410706811 0.9999879598617554 -0.0012385845184326172 0.004769967868924141 -0.0012427204055711627 0.0018246134277433157 0.9921693801879883 -0.12488676607608795 -0.00727300439029932 -0.004577932879328728 0.12489394843578339 0.9921596050262451 0.05311894416809082 0.0 0.0 0.0 1.0
/Volumes/Zeus/meg/MMY4/subjs/10772/10772_Switch_run1_ds_sss.fif	miss	MEG device	head	4.050341456706519 1.0 0.0 0.0 -0.00014783926599193364 0.0 1.0 0.0 -0.003721642540767789 0.0 0.0 1.0 0.05421093851327896 0.0 0.0 0.0 1.0
/Volumes/Zeus/meg/MMY4/subjs/10772/10772_Switch_run2_sss.fif	miss	MEG device	head	4.01978064206196 0.9999169111251831 0.008887464180588722 -0.00935435015708208 -0.0002327536349184811 -0.01013418659567833 0.9896708726882935 -0.1430007815361023 -0.00695338100194931 0.007986812852323055 0.14308366179466248 0.9896785020828247 0.050231870263814926 0.0 0.0 0.0 1.0
/Volumes/Zeus/meg/MMY4/subjs/10772/10772_Switch_run2_ds_sss.fif	miss	MEG device	head	4.050341456706519 1.0 0.0 0.0 -0.00014783926599193364 0.0 1.0 0.0 -0.003721642540767789 0.0 0.0 1.0 0.05421093851327896 0.0 0.0 0.0 1.0
/Volumes/Zeus/meg/MMY4/subjs/10772/10772_Switch_run3_sss.fif	miss	MEG device	head	4.02757186756935 0.9996194839477539 0.0268916767090559 0.006221424788236618 -0.00042099610436707735 -0.026070328429341316 0.9938938617706299 -0.10722064971923828 -0.007693007122725248 -0.009066775441169739 0.10701760649681091 0.9942162036895752 0.05018336698412895 0.0 0.0 0.0 1.0
/Volumes/Zeus/meg/MMY4/subjs/10772/10772_Switch_run3_ds_sss.fif	miss	MEG device	head	4.050341456706519 1.0 0.0 0.0 -0.00014783926599193364 0.0 1.0 0.0 -0.003721642540767789 0.0 0.0 1.0 0.05421093851327896 0.0 0.0 0.0 1.0
/Volumes/Zeus/meg/MMY4/subjs/10772/10772_Switch_run4_sss.fif	miss	MEG device	head	4.027435172232799 0.9999029040336609 0.00942737516015768 0.0102605652064085 -0.0013888465473428369 -0.008133127354085445 0.9927900433540344 -0.11959049105644226 -0.007378132548183203 -0.011314010247588158 0.1194954365491867 0.9927703738212585 0.05059308186173439 0.0 0.0 0.0 1.0
/Volumes/Zeus/meg/MMY4/subjs/10772/10772_Switch_run4_ds_sss.fif	miss	MEG device	head	4.050341456706519 1.0 0.0 0.0 -0.00014783926599193364 0.0 1.0 0.0 -0.003721642540767789 0.0 0.0 1.0 0.05421093851327896 0.0 0.0 0.0 1.0
/Volumes/Zeus/meg/MMY4/subjs/10772/10772_Switch_run5_sss.fif	miss	MEG device	head	4.025110302725807 0.9998476505279541 0.012135732918977737 0.012541397474706173 -0.0013228042516857386 -0.010373035445809364 0.991176962852478 -0.13213862478733063 -0.0071528698317706585 -0.01403434295207262 0.13198842108249664 0.9911519289016724 0.051289886236190796 0.0 0.0 0.0 1.0
/Volumes/Zeus/meg/MMY4/subjs/10772/10772_Switch_run5_ds_sss.fif	miss	MEG device	head	4.050341456706519 1.0 0.0 0.0 -0.00014783926599193364 0.0 1.0 0.0 -0.003721642540767789 0.0 0.0 1.0 0.05421093851327896 0.0 0.0 0.0 1.0
/Volumes/Zeus/meg/MMY4/subjs/10772/10772_Switch_run6_sss.fif	miss	MEG device	head	4.02154107845854 0.9999681711196899 0.007761732209473848 0.0016465994995087385 -0.001265052822418511 -0.007455488201230764 0.9901593923568726 -0.13974308967590332 -0.00716427993029356 -0.002715045353397727 0.1397264003753662 0.9901860952377319 0.05043564364314079 0.0 0.0 0.0 1.0
/Volumes/Zeus/meg/MMY4/subjs/10772/10772_Switch_run6_ds_sss.fif	miss	MEG device	head	4.050341456706519 1.0 0.0 0.0 -0.00014783926599193364 0.0 1.0 0.0 -0.003721642540767789 0.0 0.0 1.0 0.05421093851327896 0.0 0.0 0.0 1.0
/Volumes/Zeus/meg/MMY4/subjs/10772/10772_Switch_run7_sss.fif	miss	MEG device	head	4.022297753486782 0.9999417066574097 0.0067628175020217896 0.008422616869211197 -0.0012631709687411785 -0.005465520545840263 0.9893423318862915 -0.1455058455467224 -0.007057752460241318 -0.009316880255937576 0.14545133709907532 0.9893215894699097 0.05166452378034592 0.0 0.0 0.0 1.0
/Volumes/Zeus/meg/MMY4/subjs/10772/10772_Switch_run7_ds_sss.fif	miss	MEG device	head	4.050341456706519 1.0 0.0 0.0 -0.00014783926599193364 0.0 1.0 0.0 -0.003721642540767789 0.0 0.0 1.0 0.05421093851327896 0.0 0.0 0.0 1.0
/Volumes/Zeus/meg/MMY4/subjs/10772/10772_Switch_run8_sss.fif	miss	MEG device	head	4.02045635948889 0.9999588131904602 0.0077838352881371975 -0.004685199353843927 -0.0013120726216584444 -0.008373682387173176 0.9896958470344543 -0.1429411619901657 -0.00727905472740531 0.003524291794747114 0.14297448098659515 0.9897201657295227 0.05139009654521942 0.0 0.0 0.0 1.0
/Volumes/Zeus/meg/MMY4/subjs/10772/10772_Switch_run8_ds_sss.fif	miss	MEG device	head	4.050341456706519 1.0 0.0 0.0 -0.00014783926599193364 0.0 1.0 0.0 -0.003721642540767789 0.0 0.0 1.0 0.05421093851327896 0.0 0.0 0.0 1.0
/Volumes/Zeus/meg/MMY4/subjs/10772/10772_Switch_run9_sss.fif	miss	MEG device	head	4.023899202933535 0.9999645352363586 0.0070707486011087894 0.00463059451431036 -0.0014723276253789663 -0.006366002839058638 0.9904577136039734 -0.13767148554325104 -0.00706913648173213 -0.005559847690165043 0.13763709366321564 0.990467369556427 0.051809947937726974 0.0 0.0 0.0 1.0
/Volumes/Zeus/meg/MMY4/subjs/10772/10772_Switch_run9_ds_sss.fif	miss	MEG device	head	4.050341456706519 1.0 0.0 0.0 -0.00014783926599193364 0.0 1.0 0.0 -0.003721642540767789 0.0 0.0 1.0 0.05421093851327896 0.0 0.0 0.0 1.0
/Volumes/Zeus/meg/MMY4/subjs/10772/concat_ds_sss.fif	miss	MEG device	head	4.050341456706519 1.0 0.0 0.0 -0.00014783926599193364 0.0 1.0 0.0 -0.003721642540767789 0.0 0.0 1.0 0.05421093851327896 0.0 0.0 0.0 1.0
/Volumes/Zeus/meg/MMY4/subjs/10772/concat_ds_sss_bak.fif	miss	MEG device	head	4.050341456706519 1.0 0.0 0.0 -0.00014783926599193364 0.0 1.0 0.0 -0.003721642540767789 0.0 0.0 1.0 0.05421093851327896 0.0 0.0 0.0 1.0
/Volumes/Zeus/meg/MMY4/subjs/10811/10811_Switch_run1_sss.fif	miss	MEG device	head	4.014218565542251 0.9992908835411072 -0.036031290888786316 0.010914798825979233 0.001426698174327612 0.034737005829811096 0.9942068457603455 0.10171379148960114 -0.0095824608579278 -0.014516450464725494 -0.10126253962516785 0.9947536587715149 0.03856762498617172 0.0 0.0 0.0 1.0
/Volumes/Zeus/meg/MMY4/subjs/10811/10811_Switch_run1_ds_sss.fif	miss	MEG device	head	4.049062136444263 1.0 0.0 0.0 0.000492712133564055 0.0 1.0 0.0 0.0022571070585399866 0.0 0.0 1.0 0.04631231725215912 0.0 0.0 0.0 1.0
/Volumes/Zeus/meg/MMY4/subjs/10811/10811_Switch_run2_sss.fif	miss	MEG device	head	4.019224556162953 0.999347448348999 -0.021663634106516838 0.028897887095808983 0.0011747218668460846 0.01902116648852825 0.9958698749542236 0.08877487480640411 -0.008123362436890602 -0.03070172853767872 -0.08816727995872498 0.9956322908401489 0.039162296801805496 0.0 0.0 0.0 1.0
/Volumes/Zeus/meg/MMY4/subjs/10811/10811_Switch_run2_ds_sss.fif	miss	MEG device	head	4.049062136444263 1.0 0.0 0.0 0.000492712133564055 0.0 1.0 0.0 0.0022571070585399866 0.0 0.0 1.0 0.04631231725215912 0.0 0.0 0.0 1.0
/Volumes/Zeus/meg/MMY4/subjs/10811/10811_Switch_run3_sss.fif	miss	MEG device	head	4.016009044717066 0.9992569088935852 -0.03586675971746445 0.014097921550273895 0.0010910023702308536 0.034333594143390656 0.9946873784065247 0.0970449149608612 -0.008581297472119331 -0.01750371605157852 -0.09648878872394562 0.9951799511909485 0.03875793516635895 0.0 0.0 0.0 1.0
/Volumes/Zeus/meg/MMY4/subjs/10811/10811_Switch_run3_ds_sss.fif	miss	MEG device	head	4.049062136444263 1.0 0.0 0.0 0.000492712133564055 0.0 1.0 0.0 0.0022571070585399866 0.0 0.0 1.0 0.04631231725215912 0.0 0.0 0.0 1.0
/Volumes/Zeus/meg/MMY4/subjs/10811/10811_Switch_run4_sss.fif	miss	MEG device	head	4.019548554089852 0.9989849925041199 -0.03402198478579521 0.029516611248254776 0.00020021956879645586 0.03147599473595619 0.9960682988166809 0.08280680328607559 -0.0070265308022499084 -0.03221781551837921 -0.08179370313882828 0.996128261089325 0.03942740708589554 0.0 0.0 0.0 1.0
/Volumes/Zeus/meg/MMY4/subjs/10811/10811_Switch_run4_ds_sss.fif	miss	MEG device	head	4.049062136444263 1.0 0.0 0.0 0.000492712133564055 0.0 1.0 0.0 0.0022571070585399866 0.0 0.0 1.0 0.04631231725215912 0.0 0.0 0.0 1.0
/Volumes/Zeus/meg/MMY4/subjs/10811/10811_Switch_run5_sss.fif	miss	MEG device	head	4.019302599597722 0.9988552927970886 -0.03323045372962952 0.034405555576086044 -4.2708124965429306e-05 0.030277596786618233 0.9960851073265076 0.08305120468139648 -0.006704472005367279 -0.037030693143606186 -0.08191442489624023 0.9959511160850525 0.039599478244781494 0.0 0.0 0.0 1.0
/Volumes/Zeus/meg/MMY4/subjs/10811/10811_Switch_run5_ds_sss.fif	miss	MEG device	head	4.049062136444263 1.0 0.0 0.0 0.000492712133564055 0.0 1.0 0.0 0.0022571070585399866 0.0 0.0 1.0 0.04631231725215912 0.0 0.0 0.0 1.0
/Volumes/Zeus/meg/MMY4/subjs/10811/10811_Switch_run6_sss.fif	miss	MEG device	head	4.017685224069282 0.9991004467010498 -0.02228427864611149 0.03608144074678421 0.0005219674203544855 0.01865178532898426 0.9950063228607178 0.09805567562580109 -0.0066459267400205135 -0.03808635473251343 -0.09729447960853577 0.994526743888855 0.04005188122391701 0.0 0.0 0.0 1.0
/Volumes/Zeus/meg/MMY4/subjs/10811/10811_Switch_run6_ds_sss.fif	miss	MEG device	head	4.049062136444263 1.0 0.0 0.0 0.000492712133564055 0.0 1.0 0.0 0.0022571070585399866 0.0 0.0 1.0 0.04631231725215912 0.0 0.0 0.0 1.0
/Volumes/Zeus/meg/MMY4/subjs/10811/10811_Switch_run7_sss.fif	miss	MEG device	head	4.018194618751295 0.9988972544670105 -0.03161647543311119 0.034705765545368195 -5.733105354011059e-06 0.028252242133021355 0.9952202439308167 0.09347926080226898 -0.00614700373262167 -0.03749536722898483 -0.09239566326141357 0.9950161576271057 0.0402839370071888 0.0 0.0 0.0 1.0
/Volumes/Zeus/meg/MMY4/subjs/10811/10811_Switch_run7_ds_sss.fif	miss	MEG device	head	4.049062136444263 1.0 0.0 0.0 0.000492712133564055 0.0 1.0 0.0 0.0022571070585399866 0.0 0.0 1.0 0.04631231725215912 0.0 0.0 0.0 1.0
/Volumes/Zeus/meg/MMY4/subjs/10811/10811_Switch_run8_sss.fif	miss	MEG device	head	4.015357731259428 0.9988656044006348 -0.041033487766981125 0.024161431938409805 -0.00010860257316380739 0.0384385846555233 0.9942935705184937 0.09951214492321014 -0.006915318313986063 -0.02810688689351082 -0.0984705239534378 0.9947429895401001 0.03997822478413582 0.0 0.0 0.0 1.0
/Volumes/Zeus/meg/MMY4/subjs/10811/10811_Switch_run8_ds_sss.fif	miss	MEG device	head	4.049062136444263 1.0 0.0 0.0 0.000492712133564055 0.0 1.0 0.0 0.0022571070585399866 0.0 0.0 1.0 0.04631231725215912 0.0 0.0 0.0 1.0
/Volumes/Zeus/meg/MMY4/subjs/10811/10811_Switch_run9_sss.fif	miss	MEG device	head	4.0176435698522255 0.9987525939941406 -0.03561641648411751 0.0350007563829422 -0.0004128344589844346 0.03221326693892479 0.9951076507568359 0.09340031445026398 -0.005763366352766752 -0.038156092166900635 -0.0921563059091568 0.9950134754180908 0.04026052728295326 0.0 0.0 0.0 1.0
/Volumes/Zeus/meg/MMY4/subjs/10811/10811_Switch_run9_ds_sss.fif	miss	MEG device	head	4.049062136444263 1.0 0.0 0.0 0.000492712133564055 0.0 1.0 0.0 0.0022571070585399866 0.0 0.0 1.0 0.04631231725215912 0.0 0.0 0.0 1.0
/Volumes/Zeus/meg/MMY4/subjs/10811/concat_ds_sss.fif	miss	MEG device	head	4.049062136444263 1.0 0.0 0.0 0.000492712133564055 0.0 1.0 0.0 0.0022571070585399866 0.0 0.0 1.0 0.04631231725215912 0.0 0.0 0.0 1.0
/Volumes/Zeus/meg/MMY4/subjs/10811/concat_ds_sss_bak.fif	miss	MEG device	head	4.049062136444263 1.0 0.0 0.0 0.000492712133564055 0.0 1.0 0.0 0.0022571070585399866 0.0 0.0 1.0 0.04631231725215912 0.0 0.0 0.0 1.0
/Volumes/Zeus/meg/MMY4/subjs/10843/10843_Switch_run1_sss.fif	miss	MEG device	head	4.009005389176309 0.9992929697036743 0.0023584249429404736 0.0375257208943367 0.004886711481958628 0.00463265273720026 0.9827038049697876 -0.1851266324520111 -0.0005695447325706482 -0.037313275039196014 0.18516957759857178 0.9819979667663574 0.033447012305259705 0.0 0.0 0.0 1.0
/Volumes/Zeus/meg/MMY4/subjs/10843/10843_Switch_run1_ds_sss.fif	miss	MEG device	head	4.040634367149323 1.0 0.0 0.0 0.0027682925574481487 0.0 1.0 0.0 -0.004414182156324387 0.0 0.0 1.0 0.04228025674819946 0.0 0.0 0.0 1.0
/Volumes/Zeus/meg/MMY4/subjs/10843/10843_Switch_run2_sss.fif	miss	MEG device	head	4.008326744660735 0.9993305206298828 0.0020232503302395344 0.03652890771627426 0.004636536352336407 0.004807119723409414 0.982551097869873 -0.1859307587146759 -0.000787767581641674 -0.036267705261707306 0.1859818994998932 0.9818835258483887 0.03357011824846268 0.0 0.0 0.0 1.0
/Volumes/Zeus/meg/MMY4/subjs/10843/10843_Switch_run2_ds_sss.fif	miss	MEG device	head	4.040634367149323 1.0 0.0 0.0 0.0027682925574481487 0.0 1.0 0.0 -0.004414182156324387 0.0 0.0 1.0 0.04228025674819946 0.0 0.0 0.0 1.0
/Volumes/Zeus/meg/MMY4/subjs/10843/10843_Switch_run3_sss.fif	miss	MEG device	head	4.006379378028214 0.9993388652801514 0.0014321757480502129 0.0363265722990036 0.0044466592371463776 0.005530783906579018 0.9816035032272339 -0.19085080921649933 -0.0008696839213371277 -0.035931624472141266 0.19092555344104767 0.9809466600418091 0.033480722457170486 0.0 0.0 0.0 1.0
/Volumes/Zeus/meg/MMY4/subjs/10843/10843_Switch_run3_ds_sss.fif	miss	MEG device	head	4.040634367149323 1.0 0.0 0.0 0.0027682925574481487 0.0 1.0 0.0 -0.004414182156324387 0.0 0.0 1.0 0.04228025674819946 0.0 0.0 0.0 1.0
/Volumes/Zeus/meg/MMY4/subjs/10843/10843_Switch_run4_sss.fif	miss	MEG device	head	4.007602000143379 0.9991533756256104 0.008895788341760635 0.04017387703061104 0.004420205019414425 -0.0013424274511635303 0.9828780889511108 -0.18425370752811432 -0.0008741775527596474 -0.0411250926554203 0.18404372036457062 0.9820576906204224 0.0335746593773365 0.0 0.0 0.0 1.0
/Volumes/Zeus/meg/MMY4/subjs/10843/10843_Switch_run4_ds_sss.fif	miss	MEG device	head	4.040634367149323 1.0 0.0 0.0 0.0027682925574481487 0.0 1.0 0.0 -0.004414182156324387 0.0 0.0 1.0 0.04228025674819946 0.0 0.0 0.0 1.0
/Volumes/Zeus/meg/MMY4/subjs/10843/10843_Switch_run5_sss.fif	miss	MEG device	head	4.007386513054371 0.999222457408905 0.0064600249752402306 0.03888881951570511 0.004627947695553303 0.0009579574689269066 0.9822115302085876 -0.18777437508106232 -0.0005283309146761894 -0.03941008448600769 0.187665656208992 0.9814417958259583 0.033623114228248596 0.0 0.0 0.0 1.0
/Volumes/Zeus/meg/MMY4/subjs/10843/10843_Switch_run5_ds_sss.fif	miss	MEG device	head	4.040634367149323 1.0 0.0 0.0 0.0027682925574481487 0.0 1.0 0.0 -0.004414182156324387 0.0 0.0 1.0 0.04228025674819946 0.0 0.0 0.0 1.0
/Volumes/Zeus/meg/MMY4/subjs/10843/10843_Switch_run6_sss.fif	miss	MEG device	head	4.006409370806068 0.9992401599884033 0.003873564302921295 0.03878055512905121 0.004504676442593336 0.0035905689001083374 0.9816670417785645 -0.19056949019432068 -0.0005948562175035477 -0.03880777955055237 0.19056394696235657 0.9809073209762573 0.033253662288188934 0.0 0.0 0.0 1.0
/Volumes/Zeus/meg/MMY4/subjs/10843/10843_Switch_run6_ds_sss.fif	miss	MEG device	head	4.040634367149323 1.0 0.0 0.0 0.0027682925574481487 0.0 1.0 0.0 -0.004414182156324387 0.0 0.0 1.0 0.04228025674819946 0.0 0.0 0.0 1.0
/Volumes/Zeus/meg/MMY4/subjs/10843/10843_Switch_run7_sss.fif	miss	MEG device	head	4.00559576228261 0.9991910457611084 0.004231402650475502 0.039994291961193085 0.00457339733839035 0.0036893226206302643 0.9806129932403564 -0.19592061638832092 -0.00020530261099338531 -0.040047936141490936 0.19590964913368225 0.9798039197921753 0.033763594925403595 0.0 0.0 0.0 1.0
/Volumes/Zeus/meg/MMY4/subjs/10843/10843_Switch_run7_ds_sss.fif	miss	MEG device	head	4.040634367149323 1.0 0.0 0.0 0.0027682925574481487 0.0 1.0 0.0 -0.004414182156324387 0.0 0.0 1.0 0.04228025674819946 0.0 0.0 0.0 1.0
/Volumes/Zeus/meg/MMY4/subjs/10843/10843_Switch_run8_sss.fif	miss	MEG device	head	4.003432360244915 0.9993443489074707 0.0023863331880420446 0.03612155094742775 0.004736911505460739 0.005020878277719021 0.9790436029434204 -0.20358791947364807 0.00010710209608078003 -0.0358504094183445 0.20363584160804749 0.9783898591995239 0.0340842604637146 0.0 0.0 0.0 1.0
/Volumes/Zeus/meg/MMY4/subjs/10843/10843_Switch_run8_ds_sss.fif	miss	MEG device	head	4.040634367149323 1.0 0.0 0.0 0.0027682925574481487 0.0 1.0 0.0 -0.004414182156324387 0.0 0.0 1.0 0.04228025674819946 0.0 0.0 0.0 1.0
/Volumes/Zeus/meg/MMY4/subjs/10843/10843_Switch_run9_sss.fif	miss	MEG device	head	4.001415435457602 0.9992508292198181 0.006665091961622238 0.038119036704301834 0.004739079624414444 0.0013902850914746523 0.9782362580299377 -0.20748892426490784 0.0002959640696644783 -0.03867236152291298 0.20738649368286133 0.9774942994117737 0.03399938344955444 0.0 0.0 0.0 1.0
/Volumes/Zeus/meg/MMY4/subjs/10843/10843_Switch_run9_ds_sss.fif	miss	MEG device	head	4.040634367149323 1.0 0.0 0.0 0.0027682925574481487 0.0 1.0 0.0 -0.004414182156324387 0.0 0.0 1.0 0.04228025674819946 0.0 0.0 0.0 1.0
/Volumes/Zeus/meg/MMY4/subjs/10843/concat_ds_sss.fif	miss	MEG device	head	4.040634367149323 1.0 0.0 0.0 0.0027682925574481487 0.0 1.0 0.0 -0.004414182156324387 0.0 0.0 1.0 0.04228025674819946 0.0 0.0 0.0 1.0
/Volumes/Zeus/meg/MMY4/subjs/10843/concat_ds_sss_bak.fif	miss	MEG device	head	4.040634367149323 1.0 0.0 0.0 0.0027682925574481487 0.0 1.0 0.0 -0.004414182156324387 0.0 0.0 1.0 0.04228025674819946 0.0 0.0 0.0 1.0
/Volumes/Zeus/meg/MMY4/subjs/10997/10997_Switch_run1_sss.fif	miss	MEG device	head	4.009596968069673 0.9986630082130432 -0.04195830225944519 -0.030185842886567116 0.0003251926973462105 0.03806614875793457 0.9920884966850281 -0.11962855607271194 -0.005517908371984959 0.034966446459293365 0.11831957846879959 0.992359459400177 0.032099246978759766 0.0 0.0 0.0 1.0
/Volumes/Zeus/meg/MMY4/subjs/10997/10997_Switch_run1_ds_sss.fif	miss	MEG device	head	4.049107874328911 1.0 0.0 0.0 0.0010830683168023825 0.0 1.0 0.0 -5.303807120071724e-05 0.0 0.0 1.0 0.048077844083309174 0.0 0.0 0.0 1.0
/Volumes/Zeus/meg/MMY4/subjs/10997/10997_Switch_run2_sss.fif	miss	MEG device	head	4.026180675369687 0.9999015927314758 -0.013819076120853424 -0.0024132884573191404 0.0007597749354317784 0.013680744916200638 0.9986485838890076 -0.05013931915163994 -0.0055848946794867516 0.0031029058154672384 0.050101373344659805 0.9987394213676453 0.03320285677909851 0.0 0.0 0.0 1.0
/Volumes/Zeus/meg/MMY4/subjs/10997/10997_Switch_run2_ds_sss.fif	miss	MEG device	head	4.049107874328911 1.0 0.0 0.0 0.0010830683168023825 0.0 1.0 0.0 -5.303807120071724e-05 0.0 0.0 1.0 0.048077844083309174 0.0 0.0 0.0 1.0
/Volumes/Zeus/meg/MMY4/subjs/10997/10997_Switch_run3_sss.fif	miss	MEG device	head	4.028218252933584 0.999731183052063 -0.02022942155599594 -0.011328553780913353 0.0008449632441624999 0.02007979527115822 0.9997116327285767 -0.013169337064027786 -0.0054704006761312485 0.011591695249080658 0.012938322499394417 0.9998490810394287 0.03366929292678833 0.0 0.0 0.0 1.0
/Volumes/Zeus/meg/MMY4/subjs/10997/10997_Switch_run3_ds_sss.fif	miss	MEG device	head	4.049107874328911 1.0 0.0 0.0 0.0010830683168023825 0.0 1.0 0.0 -5.303807120071724e-05 0.0 0.0 1.0 0.048077844083309174 0.0 0.0 0.0 1.0
/Volumes/Zeus/meg/MMY4/subjs/10997/10997_Switch_run4_sss.fif	miss	MEG device	head	4.029471867455868 0.9999737739562988 -0.006797443609684706 -0.0025029105599969625 0.0011234924895688891 0.006797044072300196 0.9999768733978271 -0.00016822545148897916 -0.005804968066513538 0.002503996016457677 0.00015120864554774016 0.9999969005584717 0.03422212600708008 0.0 0.0 0.0 1.0
/Volumes/Zeus/meg/MMY4/subjs/10997/10997_Switch_run4_ds_sss.fif	miss	MEG device	head	4.049107874328911 1.0 0.0 0.0 0.0010830683168023825 0.0 1.0 0.0 -5.303807120071724e-05 0.0 0.0 1.0 0.048077844083309174 0.0 0.0 0.0 1.0
/Volumes/Zeus/meg/MMY4/subjs/10997/10997_Switch_run5_sss.fif	miss	MEG device	head	4.030244522495195 0.99995356798172 0.005735954735428095 0.007779859006404877 0.0014717148151248693 -0.005752808880060911 0.9999813437461853 0.0021457329858094454 -0.0057232677936553955 -0.007767404429614544 -0.002190388971939683 0.999967634677887 0.03464258462190628 0.0 0.0 0.0 1.0
/Volumes/Zeus/meg/MMY4/subjs/10997/10997_Switch_run5_ds_sss.fif	miss	MEG device	head	4.049107874328911 1.0 0.0 0.0 0.0010830683168023825 0.0 1.0 0.0 -5.303807120071724e-05 0.0 0.0 1.0 0.048077844083309174 0.0 0.0 0.0 1.0
/Volumes/Zeus/meg/MMY4/subjs/10997/10997_Switch_run6_sss.fif	miss	MEG device	head	4.031641744310036 0.9999532699584961 0.00889156199991703 0.0037702620029449463 0.0020516591612249613 -0.00893503986299038 0.9998918771743774 0.011676272377371788 -0.005385871976613998 -0.0036660339683294296 -0.011709414422512054 0.9999246597290039 0.035178542137145996 0.0 0.0 0.0 1.0
/Volumes/Zeus/meg/MMY4/subjs/10997/10997_Switch_run6_ds_sss.fif	miss	MEG device	head	4.049107874328911 1.0 0.0 0.0 0.0010830683168023825 0.0 1.0 0.0 -5.303807120071724e-05 0.0 0.0 1.0 0.048077844083309174 0.0 0.0 0.0 1.0
/Volumes/Zeus/meg/MMY4/subjs/10997/10997_Switch_run7_sss.fif	miss	MEG device	head	4.032636605086736 0.9999890327453613 0.0032959755044430494 0.0032281747553497553 0.0019574244506657124 -0.003296683309599757 0.9999942779541016 0.0002139378630090505 -0.004803761839866638 -0.0032274520490318537 -0.00022457787417806685 0.9999945163726807 0.035515740513801575 0.0 0.0 0.0 1.0
/Volumes/Zeus/meg/MMY4/subjs/10997/10997_Switch_run7_ds_sss.fif	miss	MEG device	head	4.049107874328911 1.0 0.0 0.0 0.0010830683168023825 0.0 1.0 0.0 -5.303807120071724e-05 0.0 0.0 1.0 0.048077844083309174 0.0 0.0 0.0 1.0
/Volumes/Zeus/meg/MMY4/subjs/10997/10997_Switch_run8_sss.fif	miss	MEG device	head	4.032217689848039 0.9999982118606567 0.0018951459787786007 0.00042295994353480637 0.002115224953740835 -0.0018992444965988398 0.9999492168426514 0.009909925982356071 -0.004861465189605951 -0.0004041576466988772 -0.009910710155963898 0.9999508857727051 0.03505169600248337 0.0 0.0 0.0 1.0
/Volumes/Zeus/meg/MMY4/subjs/10997/10997_Switch_run8_ds_sss.fif	miss	MEG device	head	4.049107874328911 1.0 0.0 0.0 0.0010830683168023825 0.0 1.0 0.0 -5.303807120071724e-05 0.0 0.0 1.0 0.048077844083309174 0.0 0.0 0.0 1.0
/Volumes/Zeus/meg/MMY4/subjs/10997/10997_Switch_run9_sss.fif	miss	MEG device	head	4.033172336989082 0.9999854564666748 -0.0054120467975735664 -0.00041923244134522974 0.002248162869364023 0.0054141562432050705 0.9999719858169556 0.005206582602113485 -0.004628045484423637 0.00039104235474951565 -0.005208775866776705 0.9999865293502808 0.03563652187585831 0.0 0.0 0.0 1.0
/Volumes/Zeus/meg/MMY4/subjs/10997/10997_Switch_run9_ds_sss.fif	miss	MEG device	head	4.049107874328911 1.0 0.0 0.0 0.0010830683168023825 0.0 1.0 0.0 -5.303807120071724e-05 0.0 0.0 1.0 0.048077844083309174 0.0 0.0 0.0 1.0
/Volumes/Zeus/meg/MMY4/subjs/10997/concat_ds_sss.fif	miss	MEG device	head	4.049107874328911 1.0 0.0 0.0 0.0010830683168023825 0.0 1.0 0.0 -5.303807120071724e-05 0.0 0.0 1.0 0.048077844083309174 0.0 0.0 0.0 1.0
/Volumes/Zeus/meg/MMY4/subjs/10997/10997_Switch_emptyroom_raw.fif	miss	MEG device	head	4.031222167541273 0.9999462366104126 -0.009758327156305313 0.0035639069974422455 0.0014097444945946336 0.0097055584192276 0.999847412109375 0.0145351467654109 -0.004994171671569347 -0.003705201204866171 -0.014499773271381855 0.9998881816864014 0.03528345376253128 0.0 0.0 0.0 1.0
/Volumes/Zeus/meg/MMY4/subjs/10997/concat_ds_sss_bak.fif	miss	MEG device	head	4.049107874328911 1.0 0.0 0.0 0.0010830683168023825 0.0 1.0 0.0 -5.303807120071724e-05 0.0 0.0 1.0 0.048077844083309174 0.0 0.0 0.0 1.0
/Volumes/Zeus/meg/MMY4/subjs/11177/11177_Switch_run1_sss.fif	miss	MEG device	head	3.9767855366226286 0.9926616549491882 -0.11311264336109161 0.042755380272865295 0.0032815986778587103 0.12010914087295532 0.9632541537284851 -0.24023939669132233 -0.017230920493602753 -0.014010189101099968 0.24361179769039154 0.9697714447975159 0.025933515280485153 0.0 0.0 0.0 1.0
/Volumes/Zeus/meg/MMY4/subjs/11177/11177_Switch_run1_ds_sss.fif	miss	MEG device	head	4.030011510243639 1.0 0.0 0.0 -0.0006067820359021425 0.0 1.0 0.0 -0.011516968719661236 0.0 0.0 1.0 0.04213526099920273 0.0 0.0 0.0 1.0
/Volumes/Zeus/meg/MMY4/subjs/11177/11177_Switch_run2_sss.fif	miss	MEG device	head	3.971775580663234 0.9932557940483093 -0.1026991605758667 0.053801279515028 0.0029288032092154026 0.11328108608722687 0.9584514498710632 -0.26179566979408264 -0.01737571321427822 -0.02467973902821541 0.2661248743534088 0.9636219143867493 0.026860661804676056 0.0 0.0 0.0 1.0
/Volumes/Zeus/meg/MMY4/subjs/11177/11177_Switch_run2_ds_sss.fif	miss	MEG device	head	4.030011510243639 1.0 0.0 0.0 -0.0006067820359021425 0.0 1.0 0.0 -0.011516968719661236 0.0 0.0 1.0 0.04213526099920273 0.0 0.0 0.0 1.0
/Volumes/Zeus/meg/MMY4/subjs/11177/11177_Switch_run3_sss.fif	miss	MEG device	head	3.9586765989661217 0.9894939064979553 -0.13901808857917786 0.03969154506921768 0.001920035108923912 0.14455202221870422 0.9466179013252258 -0.2881302535533905 -0.015472615137696266 0.0024825893342494965 0.29084065556526184 0.9567680954933167 0.02893080562353134 0.0 0.0 0.0 1.0
/Volumes/Zeus/meg/MMY4/subjs/11177/11177_Switch_run3_ds_sss.fif	miss	MEG device	head	4.030011510243639 1.0 0.0 0.0 -0.0006067820359021425 0.0 1.0 0.0 -0.011516968719661236 0.0 0.0 1.0 0.04213526099920273 0.0 0.0 0.0 1.0
/Volumes/Zeus/meg/MMY4/subjs/11177/11177_Switch_run4_sss.fif	miss	MEG device	head	3.8784917946904898 0.9963623881340027 -0.04642966017127037 0.0714539960026741 0.004707992076873779 0.07103979587554932 0.9156718850135803 -0.3955978751182556 -0.03629292547702789 -0.047060951590538025 0.3992350697517395 0.9156396985054016 0.029762381687760353 0.0 0.0 0.0 1.0
/Volumes/Zeus/meg/MMY4/subjs/11177/11177_Switch_run4_ds_sss.fif	miss	MEG device	head	4.030011510243639 1.0 0.0 0.0 -0.0006067820359021425 0.0 1.0 0.0 -0.011516968719661236 0.0 0.0 1.0 0.04213526099920273 0.0 0.0 0.0 1.0
/Volumes/Zeus/meg/MMY4/subjs/11177/11177_Switch_run5_sss.fif	miss	MEG device	head	3.993028257973492 0.9928392171859741 -0.09796679019927979 0.06835560500621796 0.0065041156485676765 0.11158493161201477 0.9648586511611938 -0.23789982497692108 -0.01562601700425148 -0.04264722019433975 0.24382378160953522 0.9688812494277954 0.030320558696985245 0.0 0.0 0.0 1.0
/Volumes/Zeus/meg/MMY4/subjs/11177/11177_Switch_run5_ds_sss.fif	miss	MEG device	head	4.030011510243639 1.0 0.0 0.0 -0.0006067820359021425 0.0 1.0 0.0 -0.011516968719661236 0.0 0.0 1.0 0.04213526099920273 0.0 0.0 0.0 1.0
/Volumes/Zeus/meg/MMY4/subjs/11177/11177_Switch_run6_sss.fif	miss	MEG device	head	3.916565359570086 0.9814932346343994 0.1379123032093048 0.13285817205905914 0.009275107644498348 -0.10376737266778946 0.9661250114440918 -0.23629379272460938 -0.018533648923039436 -0.16094543039798737 0.21813440322875977 0.9625558853149414 0.027751486748456955 0.0 0.0 0.0 1.0
/Volumes/Zeus/meg/MMY4/subjs/11177/11177_Switch_run6_ds_sss.fif	miss	MEG device	head	4.030011510243639 1.0 0.0 0.0 -0.0006067820359021425 0.0 1.0 0.0 -0.011516968719661236 0.0 0.0 1.0 0.04213526099920273 0.0 0.0 0.0 1.0
/Volumes/Zeus/meg/MMY4/subjs/11177/11177_Switch_run7_sss.fif	miss	MEG device	head	3.9483570917509496 0.970698356628418 -0.24010728299617767 -0.00966002605855465 0.005828910041600466 0.23093433678150177 0.9432200193405151 -0.23875804245471954 -0.014451933093369007 0.06643906980752945 0.2295311838388443 0.9710310697555542 0.033651430159807205 0.0 0.0 0.0 1.0
/Volumes/Zeus/meg/MMY4/subjs/11177/11177_Switch_run7_ds_sss.fif	miss	MEG device	head	4.030011510243639 1.0 0.0 0.0 -0.0006067820359021425 0.0 1.0 0.0 -0.011516968719661236 0.0 0.0 1.0 0.04213526099920273 0.0 0.0 0.0 1.0
/Volumes/Zeus/meg/MMY4/subjs/11177/11177_Switch_run8_sss.fif	miss	MEG device	head	3.93153783865273 0.9734892845153809 0.1067439541220665 0.20229756832122803 0.010075323283672333 -0.05365047603845596 0.9663147926330566 -0.25170889496803284 -0.01551569439470768 -0.22235152125358582 0.23418255150318146 0.9464240074157715 0.035236943513154984 0.0 0.0 0.0 1.0
