10142_Switch_run1_trans	Coordinate transformations:
10142_Switch_run1_trans	  0.9972  -0.0521  -0.0544 !  1.0000   0.0000   0.0000
10142_Switch_run1_trans	  0.0425   0.9854  -0.1651 !  0.0000   1.0000   0.0000
10142_Switch_run1_trans	  0.0622   0.1623   0.9848 !  0.0000   0.0000   1.0000
10142_Switch_run1_trans	 -4.0584  -2.0021  53.2163 ! -1.0734  -3.4280  54.5270
10142_Switch_run1_trans	Rotation change -0.1, -0.2, -0.2 degrees
10142_Switch_run1_trans	Position change (-3.0, 1.4, -1.3) = 3.6 mm
--
10142_Switch_run2_trans	Coordinate transformations:
10142_Switch_run2_trans	  0.9976  -0.0378  -0.0573 !  1.0000   0.0000   0.0000
10142_Switch_run2_trans	  0.0272   0.9843  -0.1745 !  0.0000   1.0000   0.0000
10142_Switch_run2_trans	  0.0630   0.1726   0.9830 !  0.0000   0.0000   1.0000
10142_Switch_run2_trans	 -4.6041  -3.1910  55.9818 ! -1.0734  -3.4280  54.5270
10142_Switch_run2_trans	Rotation change -0.1, -0.2, -0.2 degrees
10142_Switch_run2_trans	Position change (-3.5, 0.2, 1.5) = 3.8 mm
--
10142_Switch_run3_trans	Coordinate transformations:
10142_Switch_run3_trans	  0.9974  -0.0358  -0.0633 !  1.0000   0.0000   0.0000
10142_Switch_run3_trans	  0.0241   0.9841  -0.1761 !  0.0000   1.0000   0.0000
10142_Switch_run3_trans	  0.0686   0.1741   0.9823 !  0.0000   0.0000   1.0000
10142_Switch_run3_trans	 -3.1724  -2.7514  55.5525 ! -1.0734  -3.4280  54.5270
10142_Switch_run3_trans	Rotation change -0.1, -0.2, -0.2 degrees
10142_Switch_run3_trans	Position change (-2.1, 0.7, 1.0) = 2.4 mm
--
10142_Switch_run4_trans	Coordinate transformations:
10142_Switch_run4_trans	  0.9975  -0.0388  -0.0594 !  1.0000   0.0000   0.0000
10142_Switch_run4_trans	  0.0274   0.9831  -0.1812 !  0.0000   1.0000   0.0000
10142_Switch_run4_trans	  0.0654   0.1791   0.9817 !  0.0000   0.0000   1.0000
10142_Switch_run4_trans	 -3.6454  -2.3882  55.9016 ! -1.0734  -3.4280  54.5270
10142_Switch_run4_trans	Rotation change -0.1, -0.2, -0.2 degrees
10142_Switch_run4_trans	Position change (-2.6, 1.0, 1.4) = 3.1 mm
--
10142_Switch_run5_trans	Coordinate transformations:
10142_Switch_run5_trans	  0.9973  -0.0416  -0.0613 !  1.0000   0.0000   0.0000
10142_Switch_run5_trans	  0.0305   0.9846  -0.1722 !  0.0000   1.0000   0.0000
10142_Switch_run5_trans	  0.0675   0.1699   0.9831 !  0.0000   0.0000   1.0000
10142_Switch_run5_trans	 -2.9858  -3.2987  56.2617 ! -1.0734  -3.4280  54.5270
10142_Switch_run5_trans	Rotation change -0.1, -0.2, -0.2 degrees
10142_Switch_run5_trans	Position change (-1.9, 0.1, 1.7) = 2.6 mm
--
10142_Switch_run6_trans	Coordinate transformations:
10142_Switch_run6_trans	  0.9984  -0.0402  -0.0388 !  1.0000   0.0000   0.0000
10142_Switch_run6_trans	  0.0320   0.9810  -0.1915 !  0.0000   1.0000   0.0000
10142_Switch_run6_trans	  0.0457   0.1900   0.9807 !  0.0000   0.0000   1.0000
10142_Switch_run6_trans	 -3.4158  -2.9243  56.8804 ! -1.0734  -3.4280  54.5270
10142_Switch_run6_trans	Rotation change -0.1, -0.2, -0.2 degrees
10142_Switch_run6_trans	Position change (-2.3, 0.5, 2.4) = 3.4 mm
--
10142_Switch_run7_trans	Coordinate transformations:
10142_Switch_run7_trans	  0.9970  -0.0403  -0.0662 !  1.0000   0.0000   0.0000
10142_Switch_run7_trans	  0.0287   0.9855  -0.1674 !  0.0000   1.0000   0.0000
10142_Switch_run7_trans	  0.0720   0.1650   0.9837 !  0.0000   0.0000   1.0000
10142_Switch_run7_trans	 -1.8169  -3.1823  55.9036 ! -1.0734  -3.4280  54.5270
10142_Switch_run7_trans	Rotation change -0.1, -0.2, -0.2 degrees
10142_Switch_run7_trans	Position change (-0.7, 0.2, 1.4) = 1.6 mm
--
10142_Switch_run8_trans	Coordinate transformations:
10142_Switch_run8_trans	  0.9978  -0.0370  -0.0551 !  1.0000   0.0000   0.0000
10142_Switch_run8_trans	  0.0268   0.9841  -0.1754 !  0.0000   1.0000   0.0000
10142_Switch_run8_trans	  0.0607   0.1736   0.9830 !  0.0000   0.0000   1.0000
10142_Switch_run8_trans	 -1.9484  -3.5241  55.9602 ! -1.0734  -3.4280  54.5270
10142_Switch_run8_trans	Rotation change -0.1, -0.2, -0.2 degrees
10142_Switch_run8_trans	Position change (-0.9, -0.1, 1.4) = 1.7 mm
--
10142_Switch_run9_trans	Coordinate transformations:
10142_Switch_run9_trans	  0.9972  -0.0303  -0.0685 !  1.0000   0.0000   0.0000
10142_Switch_run9_trans	  0.0190   0.9870  -0.1593 !  0.0000   1.0000   0.0000
10142_Switch_run9_trans	  0.0724   0.1576   0.9848 !  0.0000   0.0000   1.0000
10142_Switch_run9_trans	 -1.7842  -3.3207  56.0292 ! -1.0734  -3.4280  54.5270
10142_Switch_run9_trans	Rotation change -0.1, -0.2, -0.2 degrees
10142_Switch_run9_trans	Position change (-0.7, 0.1, 1.5) = 1.7 mm
--
10142_Switch_emptyroom_trans	Coordinate transformations:
10142_Switch_emptyroom_trans	  0.9983  -0.0260  -0.0521 !  1.0000   0.0000   0.0000
10142_Switch_emptyroom_trans	  0.0161   0.9832  -0.1819 !  0.0000   1.0000   0.0000
10142_Switch_emptyroom_trans	  0.0559   0.1807   0.9819 !  0.0000   0.0000   1.0000
10142_Switch_emptyroom_trans	 -2.6125  -3.1663  56.4799 ! -1.0734  -3.4280  54.5270
10142_Switch_emptyroom_trans	Rotation change -0.1, -0.2, -0.2 degrees
10142_Switch_emptyroom_trans	Position change (-1.5, 0.3, 2.0) = 2.5 mm
--
10142_Switch_rest_trans	Coordinate transformations:
10142_Switch_rest_trans	  0.9983  -0.0260  -0.0521 !  1.0000   0.0000   0.0000
10142_Switch_rest_trans	  0.0161   0.9832  -0.1819 !  0.0000   1.0000   0.0000
10142_Switch_rest_trans	  0.0559   0.1807   0.9819 !  0.0000   0.0000   1.0000
10142_Switch_rest_trans	 -2.6125  -3.1663  56.4799 ! -1.0734  -3.4280  54.5270
10142_Switch_rest_trans	Rotation change -0.1, -0.2, -0.2 degrees
10142_Switch_rest_trans	Position change (-1.5, 0.3, 2.0) = 2.5 mm
--
10662_Switch_run1_trans	Coordinate transformations:
10662_Switch_run1_trans	  0.9984  -0.0209   0.0518 !  1.0000   0.0000   0.0000
10662_Switch_run1_trans	  0.0245   0.9972  -0.0701 !  0.0000   1.0000   0.0000
10662_Switch_run1_trans	 -0.0502   0.0713   0.9962 !  0.0000   0.0000   1.0000
10662_Switch_run1_trans	  2.9125 -14.9940  49.1429 !  2.3721  -1.3124  51.6087
10662_Switch_run1_trans	Rotation change -0.1, -0.1, -0.1 degrees
10662_Switch_run1_trans	Position change (0.5, -13.7, -2.5) = 13.9 mm
--
10662_Switch_run2_trans	Coordinate transformations:
10662_Switch_run2_trans	  0.9983  -0.0247   0.0532 !  1.0000   0.0000   0.0000
10662_Switch_run2_trans	  0.0282   0.9973  -0.0679 !  0.0000   1.0000   0.0000
10662_Switch_run2_trans	 -0.0514   0.0693   0.9963 !  0.0000   0.0000   1.0000
10662_Switch_run2_trans	  3.2592 -14.9811  48.6677 !  2.3721  -1.3124  51.6087
10662_Switch_run2_trans	Rotation change -0.1, -0.1, -0.1 degrees
10662_Switch_run2_trans	Position change (0.9, -13.7, -2.9) = 14.0 mm
--
10662_Switch_run3_trans	Coordinate transformations:
10662_Switch_run3_trans	  0.9977  -0.0182   0.0647 !  1.0000   0.0000   0.0000
10662_Switch_run3_trans	  0.0228   0.9973  -0.0705 !  0.0000   1.0000   0.0000
10662_Switch_run3_trans	 -0.0633   0.0718   0.9954 !  0.0000   0.0000   1.0000
10662_Switch_run3_trans	  2.3086 -14.7976  49.1069 !  2.3721  -1.3124  51.6087
10662_Switch_run3_trans	Rotation change -0.1, -0.1, -0.1 degrees
10662_Switch_run3_trans	Position change (-0.1, -13.5, -2.5) = 13.7 mm
--
10662_Switch_run4_trans	Coordinate transformations:
10662_Switch_run4_trans	  0.9982  -0.0344   0.0483 !  1.0000   0.0000   0.0000
10662_Switch_run4_trans	  0.0377   0.9970  -0.0679 !  0.0000   1.0000   0.0000
10662_Switch_run4_trans	 -0.0458   0.0696   0.9965 !  0.0000   0.0000   1.0000
10662_Switch_run4_trans	  2.9089 -14.7240  49.2994 !  2.3721  -1.3124  51.6087
10662_Switch_run4_trans	Rotation change -0.1, -0.1, -0.1 degrees
10662_Switch_run4_trans	Position change (0.5, -13.4, -2.3) = 13.6 mm
--
10662_Switch_run5_trans	Coordinate transformations:
10662_Switch_run5_trans	  0.9982  -0.0342   0.0496 !  1.0000   0.0000   0.0000
10662_Switch_run5_trans	  0.0372   0.9974  -0.0620 !  0.0000   1.0000   0.0000
10662_Switch_run5_trans	 -0.0473   0.0638   0.9968 !  0.0000   0.0000   1.0000
10662_Switch_run5_trans	  2.5127 -14.7343  49.0321 !  2.3721  -1.3124  51.6087
10662_Switch_run5_trans	Rotation change -0.1, -0.1, -0.1 degrees
10662_Switch_run5_trans	Position change (0.1, -13.4, -2.6) = 13.7 mm
--
10662_Switch_run6_trans	Coordinate transformations:
10662_Switch_run6_trans	  0.9985  -0.0347   0.0426 !  1.0000   0.0000   0.0000
10662_Switch_run6_trans	  0.0373   0.9975  -0.0608 !  0.0000   1.0000   0.0000
10662_Switch_run6_trans	 -0.0404   0.0623   0.9972 !  0.0000   0.0000   1.0000
10662_Switch_run6_trans	  3.0990 -15.0746  49.0976 !  2.3721  -1.3124  51.6087
10662_Switch_run6_trans	Rotation change -0.1, -0.1, -0.1 degrees
10662_Switch_run6_trans	Position change (0.7, -13.8, -2.5) = 14.0 mm
--
10662_Switch_run7_trans	Coordinate transformations:
10662_Switch_run7_trans	  0.9982  -0.0307   0.0513 !  1.0000   0.0000   0.0000
10662_Switch_run7_trans	  0.0323   0.9990  -0.0314 !  0.0000   1.0000   0.0000
10662_Switch_run7_trans	 -0.0503   0.0330   0.9982 !  0.0000   0.0000   1.0000
10662_Switch_run7_trans	  2.4643 -14.4047  48.4881 !  2.3721  -1.3124  51.6087
10662_Switch_run7_trans	Rotation change -0.1, -0.0, -0.1 degrees
10662_Switch_run7_trans	Position change (0.1, -13.1, -3.1) = 13.5 mm
--
10662_Switch_run8_trans	Coordinate transformations:
10662_Switch_run8_trans	  0.9981  -0.0491   0.0367 !  1.0000   0.0000   0.0000
10662_Switch_run8_trans	  0.0505   0.9980  -0.0384 !  0.0000   1.0000   0.0000
10662_Switch_run8_trans	 -0.0347   0.0402   0.9986 !  0.0000   0.0000   1.0000
10662_Switch_run8_trans	  1.9236 -14.1711  49.3187 !  2.3721  -1.3124  51.6087
10662_Switch_run8_trans	Rotation change -0.1, -0.1, -0.1 degrees
10662_Switch_run8_trans	Position change (-0.4, -12.9, -2.3) = 13.1 mm
--
10662_Switch_run9_trans	Coordinate transformations:
10662_Switch_run9_trans	  0.9983  -0.0476   0.0328 !  1.0000   0.0000   0.0000
10662_Switch_run9_trans	  0.0489   0.9980  -0.0408 !  0.0000   1.0000   0.0000
10662_Switch_run9_trans	 -0.0307   0.0424   0.9986 !  0.0000   0.0000   1.0000
10662_Switch_run9_trans	  2.2090 -14.3744  49.3257 !  2.3721  -1.3124  51.6087
10662_Switch_run9_trans	Rotation change -0.1, -0.1, -0.1 degrees
10662_Switch_run9_trans	Position change (-0.2, -13.1, -2.3) = 13.3 mm
--
10772_Switch_run1_trans	Coordinate transformations:
10772_Switch_run1_trans	  1.0000  -0.0012   0.0048 !  1.0000   0.0000   0.0000
10772_Switch_run1_trans	  0.0018   0.9922  -0.1249 !  0.0000   1.0000   0.0000
10772_Switch_run1_trans	 -0.0046   0.1249   0.9922 !  0.0000   0.0000   1.0000
10772_Switch_run1_trans	 -1.2427  -7.2730  53.1189 ! -0.1478  -3.7216  54.2109
10772_Switch_run1_trans	Rotation change -0.0, -0.1, -0.1 degrees
10772_Switch_run1_trans	Position change (-1.1, -3.6, -1.1) = 3.9 mm
--
10772_Switch_run2_trans	Coordinate transformations:
10772_Switch_run2_trans	  0.9999   0.0089  -0.0094 !  1.0000   0.0000   0.0000
10772_Switch_run2_trans	 -0.0101   0.9897  -0.1430 !  0.0000   1.0000   0.0000
10772_Switch_run2_trans	  0.0080   0.1431   0.9897 !  0.0000   0.0000   1.0000
10772_Switch_run2_trans	 -0.2328  -6.9534  50.2319 ! -0.1478  -3.7216  54.2109
10772_Switch_run2_trans	Rotation change -0.0, -0.1, -0.1 degrees
10772_Switch_run2_trans	Position change (-0.1, -3.2, -4.0) = 5.1 mm
--
10772_Switch_run3_trans	Coordinate transformations:
10772_Switch_run3_trans	  0.9996   0.0269   0.0062 !  1.0000   0.0000   0.0000
10772_Switch_run3_trans	 -0.0261   0.9939  -0.1072 !  0.0000   1.0000   0.0000
10772_Switch_run3_trans	 -0.0091   0.1070   0.9942 !  0.0000   0.0000   1.0000
10772_Switch_run3_trans	 -0.4210  -7.6930  50.1834 ! -0.1478  -3.7216  54.2109
10772_Switch_run3_trans	Rotation change -0.0, -0.1, -0.1 degrees
10772_Switch_run3_trans	Position change (-0.3, -4.0, -4.0) = 5.7 mm
--
10772_Switch_run4_trans	Coordinate transformations:
10772_Switch_run4_trans	  0.9999   0.0094   0.0103 !  1.0000   0.0000   0.0000
10772_Switch_run4_trans	 -0.0081   0.9928  -0.1196 !  0.0000   1.0000   0.0000
10772_Switch_run4_trans	 -0.0113   0.1195   0.9928 !  0.0000   0.0000   1.0000
10772_Switch_run4_trans	 -1.3888  -7.3781  50.5931 ! -0.1478  -3.7216  54.2109
10772_Switch_run4_trans	Rotation change -0.0, -0.1, -0.1 degrees
10772_Switch_run4_trans	Position change (-1.2, -3.7, -3.6) = 5.3 mm
--
10772_Switch_run5_trans	Coordinate transformations:
10772_Switch_run5_trans	  0.9998   0.0121   0.0125 !  1.0000   0.0000   0.0000
10772_Switch_run5_trans	 -0.0104   0.9912  -0.1321 !  0.0000   1.0000   0.0000
10772_Switch_run5_trans	 -0.0140   0.1320   0.9912 !  0.0000   0.0000   1.0000
10772_Switch_run5_trans	 -1.3228  -7.1529  51.2899 ! -0.1478  -3.7216  54.2109
10772_Switch_run5_trans	Rotation change -0.0, -0.1, -0.1 degrees
10772_Switch_run5_trans	Position change (-1.2, -3.4, -2.9) = 4.7 mm
--
10772_Switch_run6_trans	Coordinate transformations:
10772_Switch_run6_trans	  1.0000   0.0078   0.0016 !  1.0000   0.0000   0.0000
10772_Switch_run6_trans	 -0.0075   0.9902  -0.1397 !  0.0000   1.0000   0.0000
10772_Switch_run6_trans	 -0.0027   0.1397   0.9902 !  0.0000   0.0000   1.0000
10772_Switch_run6_trans	 -1.2651  -7.1643  50.4356 ! -0.1478  -3.7216  54.2109
10772_Switch_run6_trans	Rotation change -0.0, -0.1, -0.1 degrees
10772_Switch_run6_trans	Position change (-1.1, -3.4, -3.8) = 5.2 mm
--
10772_Switch_run7_trans	Coordinate transformations:
10772_Switch_run7_trans	  0.9999   0.0068   0.0084 !  1.0000   0.0000   0.0000
10772_Switch_run7_trans	 -0.0055   0.9893  -0.1455 !  0.0000   1.0000   0.0000
10772_Switch_run7_trans	 -0.0093   0.1455   0.9893 !  0.0000   0.0000   1.0000
10772_Switch_run7_trans	 -1.2632  -7.0578  51.6645 ! -0.1478  -3.7216  54.2109
10772_Switch_run7_trans	Rotation change -0.0, -0.1, -0.1 degrees
10772_Switch_run7_trans	Position change (-1.1, -3.3, -2.5) = 4.3 mm
--
10772_Switch_run8_trans	Coordinate transformations:
10772_Switch_run8_trans	  1.0000   0.0078  -0.0047 !  1.0000   0.0000   0.0000
10772_Switch_run8_trans	 -0.0084   0.9897  -0.1429 !  0.0000   1.0000   0.0000
10772_Switch_run8_trans	  0.0035   0.1430   0.9897 !  0.0000   0.0000   1.0000
10772_Switch_run8_trans	 -1.3121  -7.2791  51.3901 ! -0.1478  -3.7216  54.2109
10772_Switch_run8_trans	Rotation change -0.0, -0.1, -0.1 degrees
10772_Switch_run8_trans	Position change (-1.2, -3.6, -2.8) = 4.7 mm
--
10772_Switch_run9_trans	Coordinate transformations:
10772_Switch_run9_trans	  1.0000   0.0071   0.0046 !  1.0000   0.0000   0.0000
10772_Switch_run9_trans	 -0.0064   0.9905  -0.1377 !  0.0000   1.0000   0.0000
10772_Switch_run9_trans	 -0.0056   0.1376   0.9905 !  0.0000   0.0000   1.0000
10772_Switch_run9_trans	 -1.4723  -7.0691  51.8099 ! -0.1478  -3.7216  54.2109
10772_Switch_run9_trans	Rotation change -0.0, -0.1, -0.1 degrees
10772_Switch_run9_trans	Position change (-1.3, -3.3, -2.4) = 4.3 mm
--
10811_Switch_run1_trans	Coordinate transformations:
10811_Switch_run1_trans	  0.9993  -0.0360   0.0109 !  1.0000   0.0000   0.0000
10811_Switch_run1_trans	  0.0347   0.9942   0.1017 !  0.0000   1.0000   0.0000
10811_Switch_run1_trans	 -0.0145  -0.1013   0.9948 !  0.0000   0.0000   1.0000
10811_Switch_run1_trans	  1.4267  -9.5825  38.5676 !  0.4927   2.2571  46.3123
10811_Switch_run1_trans	Rotation change -0.0, -0.1, -0.1 degrees
10811_Switch_run1_trans	Position change (0.9, -11.8, -7.7) = 14.2 mm
--
10811_Switch_run2_trans	Coordinate transformations:
10811_Switch_run2_trans	  0.9993  -0.0217   0.0289 !  1.0000   0.0000   0.0000
10811_Switch_run2_trans	  0.0190   0.9959   0.0888 !  0.0000   1.0000   0.0000
10811_Switch_run2_trans	 -0.0307  -0.0882   0.9956 !  0.0000   0.0000   1.0000
10811_Switch_run2_trans	  1.1747  -8.1234  39.1623 !  0.4927   2.2571  46.3123
10811_Switch_run2_trans	Rotation change -0.0, -0.1, -0.1 degrees
10811_Switch_run2_trans	Position change (0.7, -10.4, -7.2) = 12.6 mm
--
10811_Switch_run3_trans	Coordinate transformations:
10811_Switch_run3_trans	  0.9993  -0.0359   0.0141 !  1.0000   0.0000   0.0000
10811_Switch_run3_trans	  0.0343   0.9947   0.0970 !  0.0000   1.0000   0.0000
10811_Switch_run3_trans	 -0.0175  -0.0965   0.9952 !  0.0000   0.0000   1.0000
10811_Switch_run3_trans	  1.0910  -8.5813  38.7579 !  0.4927   2.2571  46.3123
10811_Switch_run3_trans	Rotation change -0.0, -0.1, -0.1 degrees
10811_Switch_run3_trans	Position change (0.6, -10.8, -7.6) = 13.2 mm
--
10811_Switch_run4_trans	Coordinate transformations:
10811_Switch_run4_trans	  0.9990  -0.0340   0.0295 !  1.0000   0.0000   0.0000
10811_Switch_run4_trans	  0.0315   0.9961   0.0828 !  0.0000   1.0000   0.0000
10811_Switch_run4_trans	 -0.0322  -0.0818   0.9961 !  0.0000   0.0000   1.0000
10811_Switch_run4_trans	  0.2002  -7.0265  39.4274 !  0.4927   2.2571  46.3123
10811_Switch_run4_trans	Rotation change -0.0, -0.1, -0.1 degrees
10811_Switch_run4_trans	Position change (-0.3, -9.3, -6.9) = 11.6 mm
--
10811_Switch_run5_trans	Coordinate transformations:
10811_Switch_run5_trans	  0.9989  -0.0332   0.0344 !  1.0000   0.0000   0.0000
10811_Switch_run5_trans	  0.0303   0.9961   0.0831 !  0.0000   1.0000   0.0000
10811_Switch_run5_trans	 -0.0370  -0.0819   0.9960 !  0.0000   0.0000   1.0000
10811_Switch_run5_trans	 -0.0427  -6.7045  39.5995 !  0.4927   2.2571  46.3123
10811_Switch_run5_trans	Rotation change -0.0, -0.1, -0.1 degrees
10811_Switch_run5_trans	Position change (-0.5, -9.0, -6.7) = 11.2 mm
--
10811_Switch_run6_trans	Coordinate transformations:
10811_Switch_run6_trans	  0.9991  -0.0223   0.0361 !  1.0000   0.0000   0.0000
10811_Switch_run6_trans	  0.0187   0.9950   0.0981 !  0.0000   1.0000   0.0000
10811_Switch_run6_trans	 -0.0381  -0.0973   0.9945 !  0.0000   0.0000   1.0000
10811_Switch_run6_trans	  0.5220  -6.6459  40.0519 !  0.4927   2.2571  46.3123
10811_Switch_run6_trans	Rotation change -0.0, -0.1, -0.1 degrees
10811_Switch_run6_trans	Position change (0.0, -8.9, -6.3) = 10.9 mm
--
10811_Switch_run7_trans	Coordinate transformations:
10811_Switch_run7_trans	  0.9989  -0.0316   0.0347 !  1.0000   0.0000   0.0000
10811_Switch_run7_trans	  0.0283   0.9952   0.0935 !  0.0000   1.0000   0.0000
10811_Switch_run7_trans	 -0.0375  -0.0924   0.9950 !  0.0000   0.0000   1.0000
10811_Switch_run7_trans	 -0.0057  -6.1470  40.2839 !  0.4927   2.2571  46.3123
10811_Switch_run7_trans	Rotation change -0.0, -0.1, -0.1 degrees
10811_Switch_run7_trans	Position change (-0.5, -8.4, -6.0) = 10.4 mm
--
10811_Switch_run8_trans	Coordinate transformations:
10811_Switch_run8_trans	  0.9989  -0.0410   0.0242 !  1.0000   0.0000   0.0000
10811_Switch_run8_trans	  0.0384   0.9943   0.0995 !  0.0000   1.0000   0.0000
10811_Switch_run8_trans	 -0.0281  -0.0985   0.9947 !  0.0000   0.0000   1.0000
10811_Switch_run8_trans	 -0.1086  -6.9153  39.9782 !  0.4927   2.2571  46.3123
10811_Switch_run8_trans	Rotation change -0.0, -0.1, -0.1 degrees
10811_Switch_run8_trans	Position change (-0.6, -9.2, -6.3) = 11.2 mm
--
10811_Switch_run9_trans	Coordinate transformations:
10811_Switch_run9_trans	  0.9988  -0.0356   0.0350 !  1.0000   0.0000   0.0000
10811_Switch_run9_trans	  0.0322   0.9951   0.0934 !  0.0000   1.0000   0.0000
10811_Switch_run9_trans	 -0.0382  -0.0922   0.9950 !  0.0000   0.0000   1.0000
10811_Switch_run9_trans	 -0.4128  -5.7634  40.2605 !  0.4927   2.2571  46.3123
10811_Switch_run9_trans	Rotation change -0.0, -0.1, -0.1 degrees
10811_Switch_run9_trans	Position change (-0.9, -8.0, -6.1) = 10.1 mm
--
10843_Switch_run1_trans	Coordinate transformations:
10843_Switch_run1_trans	  0.9993   0.0024   0.0375 !  1.0000   0.0000   0.0000
10843_Switch_run1_trans	  0.0046   0.9827  -0.1851 !  0.0000   1.0000   0.0000
10843_Switch_run1_trans	 -0.0373   0.1852   0.9820 !  0.0000   0.0000   1.0000
10843_Switch_run1_trans	  4.8867  -0.5695  33.4470 !  2.7683  -4.4142  42.2803
10843_Switch_run1_trans	Rotation change -0.0, -0.2, -0.2 degrees
10843_Switch_run1_trans	Position change (2.1, 3.8, -8.8) = 9.9 mm
--
10843_Switch_run2_trans	Coordinate transformations:
10843_Switch_run2_trans	  0.9993   0.0020   0.0365 !  1.0000   0.0000   0.0000
10843_Switch_run2_trans	  0.0048   0.9826  -0.1859 !  0.0000   1.0000   0.0000
10843_Switch_run2_trans	 -0.0363   0.1860   0.9819 !  0.0000   0.0000   1.0000
10843_Switch_run2_trans	  4.6365  -0.7878  33.5701 !  2.7683  -4.4142  42.2803
10843_Switch_run2_trans	Rotation change -0.0, -0.2, -0.2 degrees
10843_Switch_run2_trans	Position change (1.9, 3.6, -8.7) = 9.6 mm
--
10843_Switch_run3_trans	Coordinate transformations:
10843_Switch_run3_trans	  0.9993   0.0014   0.0363 !  1.0000   0.0000   0.0000
10843_Switch_run3_trans	  0.0055   0.9816  -0.1909 !  0.0000   1.0000   0.0000
10843_Switch_run3_trans	 -0.0359   0.1909   0.9809 !  0.0000   0.0000   1.0000
10843_Switch_run3_trans	  4.4467  -0.8697  33.4807 !  2.7683  -4.4142  42.2803
10843_Switch_run3_trans	Rotation change -0.0, -0.2, -0.2 degrees
10843_Switch_run3_trans	Position change (1.7, 3.5, -8.8) = 9.6 mm
--
10843_Switch_run4_trans	Coordinate transformations:
10843_Switch_run4_trans	  0.9992   0.0089   0.0402 !  1.0000   0.0000   0.0000
10843_Switch_run4_trans	 -0.0013   0.9829  -0.1843 !  0.0000   1.0000   0.0000
10843_Switch_run4_trans	 -0.0411   0.1840   0.9821 !  0.0000   0.0000   1.0000
10843_Switch_run4_trans	  4.4202  -0.8742  33.5747 !  2.7683  -4.4142  42.2803
10843_Switch_run4_trans	Rotation change -0.0, -0.2, -0.2 degrees
10843_Switch_run4_trans	Position change (1.7, 3.5, -8.7) = 9.5 mm
--
10843_Switch_run5_trans	Coordinate transformations:
10843_Switch_run5_trans	  0.9992   0.0065   0.0389 !  1.0000   0.0000   0.0000
10843_Switch_run5_trans	  0.0010   0.9822  -0.1878 !  0.0000   1.0000   0.0000
10843_Switch_run5_trans	 -0.0394   0.1877   0.9814 !  0.0000   0.0000   1.0000
10843_Switch_run5_trans	  4.6279  -0.5283  33.6231 !  2.7683  -4.4142  42.2803
10843_Switch_run5_trans	Rotation change -0.0, -0.2, -0.2 degrees
10843_Switch_run5_trans	Position change (1.9, 3.9, -8.7) = 9.7 mm
--
10843_Switch_run6_trans	Coordinate transformations:
10843_Switch_run6_trans	  0.9992   0.0039   0.0388 !  1.0000   0.0000   0.0000
10843_Switch_run6_trans	  0.0036   0.9817  -0.1906 !  0.0000   1.0000   0.0000
10843_Switch_run6_trans	 -0.0388   0.1906   0.9809 !  0.0000   0.0000   1.0000
10843_Switch_run6_trans	  4.5047  -0.5949  33.2537 !  2.7683  -4.4142  42.2803
10843_Switch_run6_trans	Rotation change -0.0, -0.2, -0.2 degrees
10843_Switch_run6_trans	Position change (1.7, 3.8, -9.0) = 10.0 mm
--
10843_Switch_run7_trans	Coordinate transformations:
10843_Switch_run7_trans	  0.9992   0.0042   0.0400 !  1.0000   0.0000   0.0000
10843_Switch_run7_trans	  0.0037   0.9806  -0.1959 !  0.0000   1.0000   0.0000
10843_Switch_run7_trans	 -0.0400   0.1959   0.9798 !  0.0000   0.0000   1.0000
10843_Switch_run7_trans	  4.5734  -0.2053  33.7636 !  2.7683  -4.4142  42.2803
10843_Switch_run7_trans	Rotation change -0.0, -0.2, -0.2 degrees
10843_Switch_run7_trans	Position change (1.8, 4.2, -8.5) = 9.7 mm
--
10843_Switch_run8_trans	Coordinate transformations:
10843_Switch_run8_trans	  0.9993   0.0024   0.0361 !  1.0000   0.0000   0.0000
10843_Switch_run8_trans	  0.0050   0.9790  -0.2036 !  0.0000   1.0000   0.0000
10843_Switch_run8_trans	 -0.0359   0.2036   0.9784 !  0.0000   0.0000   1.0000
10843_Switch_run8_trans	  4.7369   0.1071  34.0843 !  2.7683  -4.4142  42.2803
10843_Switch_run8_trans	Rotation change -0.0, -0.2, -0.2 degrees
10843_Switch_run8_trans	Position change (2.0, 4.5, -8.2) = 9.6 mm
--
10843_Switch_run9_trans	Coordinate transformations:
10843_Switch_run9_trans	  0.9993   0.0067   0.0381 !  1.0000   0.0000   0.0000
10843_Switch_run9_trans	  0.0014   0.9782  -0.2075 !  0.0000   1.0000   0.0000
10843_Switch_run9_trans	 -0.0387   0.2074   0.9775 !  0.0000   0.0000   1.0000
10843_Switch_run9_trans	  4.7391   0.2960  33.9994 !  2.7683  -4.4142  42.2803
10843_Switch_run9_trans	Rotation change -0.0, -0.2, -0.2 degrees
10843_Switch_run9_trans	Position change (2.0, 4.7, -8.3) = 9.7 mm
--
10997_Switch_run1_trans	Coordinate transformations:
10997_Switch_run1_trans	  0.9987  -0.0420  -0.0302 !  1.0000   0.0000   0.0000
10997_Switch_run1_trans	  0.0381   0.9921  -0.1196 !  0.0000   1.0000   0.0000
10997_Switch_run1_trans	  0.0350   0.1183   0.9924 !  0.0000   0.0000   1.0000
10997_Switch_run1_trans	  0.3252  -5.5179  32.0992 !  1.0831  -0.0530  48.0778
10997_Switch_run1_trans	Rotation change -0.1, -0.1, -0.1 degrees
10997_Switch_run1_trans	Position change (-0.8, -5.5, -16.0) = 16.9 mm
--
10997_Switch_run2_trans	Coordinate transformations:
10997_Switch_run2_trans	  0.9999  -0.0138  -0.0024 !  1.0000   0.0000   0.0000
10997_Switch_run2_trans	  0.0137   0.9986  -0.0501 !  0.0000   1.0000   0.0000
10997_Switch_run2_trans	  0.0031   0.0501   0.9987 !  0.0000   0.0000   1.0000
10997_Switch_run2_trans	  0.7598  -5.5849  33.2029 !  1.0831  -0.0530  48.0778
10997_Switch_run2_trans	Rotation change -0.0, -0.1, -0.1 degrees
10997_Switch_run2_trans	Position change (-0.3, -5.5, -14.9) = 15.9 mm
--
10997_Switch_run3_trans	Coordinate transformations:
10997_Switch_run3_trans	  0.9997  -0.0202  -0.0113 !  1.0000   0.0000   0.0000
10997_Switch_run3_trans	  0.0201   0.9997  -0.0132 !  0.0000   1.0000   0.0000
10997_Switch_run3_trans	  0.0116   0.0129   0.9998 !  0.0000   0.0000   1.0000
10997_Switch_run3_trans	  0.8450  -5.4704  33.6693 !  1.0831  -0.0530  48.0778
10997_Switch_run3_trans	Rotation change -0.0, -0.0, -0.0 degrees
10997_Switch_run3_trans	Position change (-0.2, -5.4, -14.4) = 15.4 mm
--
10997_Switch_run4_trans	Coordinate transformations:
10997_Switch_run4_trans	  1.0000  -0.0068  -0.0025 !  1.0000   0.0000   0.0000
10997_Switch_run4_trans	  0.0068   1.0000  -0.0002 !  0.0000   1.0000   0.0000
10997_Switch_run4_trans	  0.0025   0.0002   1.0000 !  0.0000   0.0000   1.0000
10997_Switch_run4_trans	  1.1235  -5.8050  34.2221 !  1.0831  -0.0530  48.0778
10997_Switch_run4_trans	Rotation change -0.0, -0.0, -0.0 degrees
10997_Switch_run4_trans	Position change (0.0, -5.8, -13.9) = 15.0 mm
--
10997_Switch_run5_trans	Coordinate transformations:
10997_Switch_run5_trans	  1.0000   0.0057   0.0078 !  1.0000   0.0000   0.0000
10997_Switch_run5_trans	 -0.0058   1.0000   0.0021 !  0.0000   1.0000   0.0000
10997_Switch_run5_trans	 -0.0078  -0.0022   1.0000 !  0.0000   0.0000   1.0000
10997_Switch_run5_trans	  1.4717  -5.7233  34.6426 !  1.0831  -0.0530  48.0778
10997_Switch_run5_trans	Rotation change -0.0, -0.0, -0.0 degrees
10997_Switch_run5_trans	Position change (0.4, -5.7, -13.4) = 14.6 mm
--
10997_Switch_run6_trans	Coordinate transformations:
10997_Switch_run6_trans	  1.0000   0.0089   0.0038 !  1.0000   0.0000   0.0000
10997_Switch_run6_trans	 -0.0089   0.9999   0.0117 !  0.0000   1.0000   0.0000
10997_Switch_run6_trans	 -0.0037  -0.0117   0.9999 !  0.0000   0.0000   1.0000
10997_Switch_run6_trans	  2.0517  -5.3859  35.1785 !  1.0831  -0.0530  48.0778
10997_Switch_run6_trans	Rotation change -0.0, -0.0, -0.0 degrees
10997_Switch_run6_trans	Position change (1.0, -5.3, -12.9) = 14.0 mm
--
10997_Switch_run7_trans	Coordinate transformations:
10997_Switch_run7_trans	  1.0000   0.0033   0.0032 !  1.0000   0.0000   0.0000
10997_Switch_run7_trans	 -0.0033   1.0000   0.0002 !  0.0000   1.0000   0.0000
10997_Switch_run7_trans	 -0.0032  -0.0002   1.0000 !  0.0000   0.0000   1.0000
10997_Switch_run7_trans	  1.9574  -4.8038  35.5157 !  1.0831  -0.0530  48.0778
10997_Switch_run7_trans	Rotation change -0.0, -0.0, -0.0 degrees
10997_Switch_run7_trans	Position change (0.9, -4.8, -12.6) = 13.5 mm
--
10997_Switch_run8_trans	Coordinate transformations:
10997_Switch_run8_trans	  1.0000   0.0019   0.0004 !  1.0000   0.0000   0.0000
10997_Switch_run8_trans	 -0.0019   0.9999   0.0099 !  0.0000   1.0000   0.0000
10997_Switch_run8_trans	 -0.0004  -0.0099   1.0000 !  0.0000   0.0000   1.0000
10997_Switch_run8_trans	  2.1152  -4.8615  35.0517 !  1.0831  -0.0530  48.0778
10997_Switch_run8_trans	Rotation change -0.0, -0.0, -0.0 degrees
10997_Switch_run8_trans	Position change (1.0, -4.8, -13.0) = 13.9 mm
--
10997_Switch_run9_trans	Coordinate transformations:
10997_Switch_run9_trans	  1.0000  -0.0054  -0.0004 !  1.0000   0.0000   0.0000
10997_Switch_run9_trans	  0.0054   1.0000   0.0052 !  0.0000   1.0000   0.0000
10997_Switch_run9_trans	  0.0004  -0.0052   1.0000 !  0.0000   0.0000   1.0000
10997_Switch_run9_trans	  2.2482  -4.6280  35.6365 !  1.0831  -0.0530  48.0778
10997_Switch_run9_trans	Rotation change -0.0, -0.0, -0.0 degrees
10997_Switch_run9_trans	Position change (1.2, -4.6, -12.4) = 13.3 mm
--
11177_Switch_run1_trans	Coordinate transformations:
11177_Switch_run1_trans	  0.9927  -0.1131   0.0428 !  1.0000   0.0000   0.0000
11177_Switch_run1_trans	  0.1201   0.9633  -0.2402 !  0.0000   1.0000   0.0000
11177_Switch_run1_trans	 -0.0140   0.2436   0.9698 !  0.0000   0.0000   1.0000
11177_Switch_run1_trans	  3.2816 -17.2309  25.9335 ! -0.6068 -11.5170  42.1353
11177_Switch_run1_trans	Rotation change -0.1, -0.3, -0.2 degrees
11177_Switch_run1_trans	Position change (3.9, -5.7, -16.2) = 17.6 mm
--
11177_Switch_run2_trans	Coordinate transformations:
11177_Switch_run2_trans	  0.9933  -0.1027   0.0538 !  1.0000   0.0000   0.0000
11177_Switch_run2_trans	  0.1133   0.9585  -0.2618 !  0.0000   1.0000   0.0000
11177_Switch_run2_trans	 -0.0247   0.2661   0.9636 !  0.0000   0.0000   1.0000
11177_Switch_run2_trans	  2.9288 -17.3757  26.8607 ! -0.6068 -11.5170  42.1353
11177_Switch_run2_trans	Rotation change -0.1, -0.3, -0.3 degrees
11177_Switch_run2_trans	Position change (3.5, -5.9, -15.3) = 16.7 mm
--
11177_Switch_run3_trans	Coordinate transformations:
11177_Switch_run3_trans	  0.9895  -0.1390   0.0397 !  1.0000   0.0000   0.0000
11177_Switch_run3_trans	  0.1446   0.9466  -0.2881 !  0.0000   1.0000   0.0000
11177_Switch_run3_trans	  0.0025   0.2908   0.9568 !  0.0000   0.0000   1.0000
11177_Switch_run3_trans	  1.9200 -15.4726  28.9308 ! -0.6068 -11.5170  42.1353
11177_Switch_run3_trans	Rotation change -0.1, -0.3, -0.3 degrees
11177_Switch_run3_trans	Position change (2.5, -4.0, -13.2) = 14.0 mm
--
11177_Switch_run4_trans	Coordinate transformations:
11177_Switch_run4_trans	  0.9964  -0.0464   0.0715 !  1.0000   0.0000   0.0000
11177_Switch_run4_trans	  0.0710   0.9157  -0.3956 !  0.0000   1.0000   0.0000
11177_Switch_run4_trans	 -0.0471   0.3992   0.9156 !  0.0000   0.0000   1.0000
11177_Switch_run4_trans	  4.7080 -36.2929  29.7624 ! -0.6068 -11.5170  42.1353
11177_Switch_run4_trans	Rotation change -0.1, -0.4, -0.4 degrees
11177_Switch_run4_trans	Position change (5.3, -24.8, -12.4) = 28.2 mm
--
11177_Switch_run5_trans	Coordinate transformations:
11177_Switch_run5_trans	  0.9928  -0.0980   0.0684 !  1.0000   0.0000   0.0000
11177_Switch_run5_trans	  0.1116   0.9649  -0.2379 !  0.0000   1.0000   0.0000
11177_Switch_run5_trans	 -0.0426   0.2438   0.9689 !  0.0000   0.0000   1.0000
11177_Switch_run5_trans	  6.5041 -15.6260  30.3206 ! -0.6068 -11.5170  42.1353
11177_Switch_run5_trans	Rotation change -0.1, -0.3, -0.3 degrees
11177_Switch_run5_trans	Position change (7.1, -4.1, -11.8) = 14.4 mm
--
11177_Switch_run6_trans	Coordinate transformations:
11177_Switch_run6_trans	  0.9815   0.1379   0.1329 !  1.0000   0.0000   0.0000
11177_Switch_run6_trans	 -0.1038   0.9661  -0.2363 !  0.0000   1.0000   0.0000
11177_Switch_run6_trans	 -0.1609   0.2181   0.9626 !  0.0000   0.0000   1.0000
11177_Switch_run6_trans	  9.2751 -18.5336  27.7515 ! -0.6068 -11.5170  42.1353
11177_Switch_run6_trans	Rotation change -0.2, -0.3, -0.3 degrees
11177_Switch_run6_trans	Position change (9.9, -7.0, -14.4) = 18.8 mm
--
11177_Switch_run7_trans	Coordinate transformations:
11177_Switch_run7_trans	  0.9707  -0.2401  -0.0097 !  1.0000   0.0000   0.0000
11177_Switch_run7_trans	  0.2309   0.9432  -0.2388 !  0.0000   1.0000   0.0000
11177_Switch_run7_trans	  0.0664   0.2295   0.9710 !  0.0000   0.0000   1.0000
11177_Switch_run7_trans	  5.8289 -14.4519  33.6514 ! -0.6068 -11.5170  42.1353
11177_Switch_run7_trans	Rotation change -0.2, -0.3, -0.2 degrees
11177_Switch_run7_trans	Position change (6.4, -2.9, -8.5) = 11.0 mm
--
11177_Switch_run8_trans	Coordinate transformations:
11177_Switch_run8_trans	  0.9735   0.1067   0.2023 !  1.0000   0.0000   0.0000
11177_Switch_run8_trans	 -0.0537   0.9663  -0.2517 !  0.0000   1.0000   0.0000
11177_Switch_run8_trans	 -0.2224   0.2342   0.9464 !  0.0000   0.0000   1.0000
11177_Switch_run8_trans	 10.0753 -15.5157  35.2369 ! -0.6068 -11.5170  42.1353
11177_Switch_run8_trans	Rotation change -0.2, -0.3, -0.3 degrees
11177_Switch_run8_trans	Position change (10.7, -4.0, -6.9) = 13.3 mm
--
11177_Switch_run9_trans	Coordinate transformations:
11177_Switch_run9_trans	  0.9898   0.0253   0.1404 !  1.0000   0.0000   0.0000
11177_Switch_run9_trans	  0.0086   0.9718  -0.2356 !  0.0000   1.0000   0.0000
11177_Switch_run9_trans	 -0.1424   0.2344   0.9617 !  0.0000   0.0000   1.0000
11177_Switch_run9_trans	 13.3850 -15.9627  36.0790 ! -0.6068 -11.5170  42.1353
11177_Switch_run9_trans	Rotation change -0.1, -0.2, -0.3 degrees
11177_Switch_run9_trans	Position change (14.0, -4.4, -6.1) = 15.9 mm
--
11262_Switch_run1_trans	Coordinate transformations:
11262_Switch_run1_trans	  0.9906  -0.1360  -0.0123 !  1.0000   0.0000   0.0000
11262_Switch_run1_trans	  0.1363   0.9800   0.1448 !  0.0000   1.0000   0.0000
11262_Switch_run1_trans	 -0.0076  -0.1451   0.9894 !  0.0000   0.0000   1.0000
11262_Switch_run1_trans	  0.9534 -15.3974  57.3506 !  0.3012  -8.6212  61.5456
11262_Switch_run1_trans	Rotation change -0.1, -0.2, -0.1 degrees
11262_Switch_run1_trans	Position change (0.7, -6.8, -4.2) = 8.0 mm
--
11262_Switch_run2_trans	Coordinate transformations:
11262_Switch_run2_trans	  0.9893  -0.1454  -0.0090 !  1.0000   0.0000   0.0000
11262_Switch_run2_trans	  0.1450   0.9766   0.1587 !  0.0000   1.0000   0.0000
11262_Switch_run2_trans	 -0.0143  -0.1583   0.9873 !  0.0000   0.0000   1.0000
11262_Switch_run2_trans	  0.7794 -14.9797  58.0572 !  0.3012  -8.6212  61.5456
11262_Switch_run2_trans	Rotation change -0.1, -0.2, -0.2 degrees
11262_Switch_run2_trans	Position change (0.5, -6.4, -3.5) = 7.3 mm
--
11262_Switch_run3_trans	Coordinate transformations:
11262_Switch_run3_trans	  0.9899  -0.1409  -0.0187 !  1.0000   0.0000   0.0000
11262_Switch_run3_trans	  0.1419   0.9732   0.1809 !  0.0000   1.0000   0.0000
11262_Switch_run3_trans	 -0.0072  -0.1817   0.9833 !  0.0000   0.0000   1.0000
11262_Switch_run3_trans	  0.9610 -15.6676  57.6461 !  0.3012  -8.6212  61.5456
11262_Switch_run3_trans	Rotation change -0.1, -0.2, -0.2 degrees
11262_Switch_run3_trans	Position change (0.7, -7.0, -3.9) = 8.1 mm
--
11262_Switch_run4_trans	Coordinate transformations:
11262_Switch_run4_trans	  0.9893  -0.1445  -0.0179 !  1.0000   0.0000   0.0000
11262_Switch_run4_trans	  0.1452   0.9709   0.1902 !  0.0000   1.0000   0.0000
11262_Switch_run4_trans	 -0.0101  -0.1908   0.9816 !  0.0000   0.0000   1.0000
11262_Switch_run4_trans	  1.1614 -14.8177  57.5010 !  0.3012  -8.6212  61.5456
11262_Switch_run4_trans	Rotation change -0.1, -0.2, -0.2 degrees
11262_Switch_run4_trans	Position change (0.9, -6.2, -4.0) = 7.4 mm
--
11262_Switch_run5_trans	Coordinate transformations:
11262_Switch_run5_trans	  0.9900  -0.1399  -0.0170 !  1.0000   0.0000   0.0000
11262_Switch_run5_trans	  0.1404   0.9691   0.2028 !  0.0000   1.0000   0.0000
11262_Switch_run5_trans	 -0.0119  -0.2031   0.9791 !  0.0000   0.0000   1.0000
11262_Switch_run5_trans	  1.0696 -15.5348  57.6688 !  0.3012  -8.6212  61.5456
11262_Switch_run5_trans	Rotation change -0.1, -0.2, -0.2 degrees
11262_Switch_run5_trans	Position change (0.8, -6.9, -3.9) = 8.0 mm
--
11262_Switch_run6_trans	Coordinate transformations:
11262_Switch_run6_trans	  0.9896  -0.1434  -0.0114 !  1.0000   0.0000   0.0000
11262_Switch_run6_trans	  0.1430   0.9712   0.1909 !  0.0000   1.0000   0.0000
11262_Switch_run6_trans	 -0.0163  -0.1905   0.9816 !  0.0000   0.0000   1.0000
11262_Switch_run6_trans	  0.3322 -14.5112  57.3407 !  0.3012  -8.6212  61.5456
11262_Switch_run6_trans	Rotation change -0.1, -0.2, -0.2 degrees
11262_Switch_run6_trans	Position change (0.0, -5.9, -4.2) = 7.2 mm
--
11262_Switch_run7_trans	Coordinate transformations:
11262_Switch_run7_trans	  0.9894  -0.1438  -0.0226 !  1.0000   0.0000   0.0000
11262_Switch_run7_trans	  0.1454   0.9684   0.2026 !  0.0000   1.0000   0.0000
11262_Switch_run7_trans	 -0.0072  -0.2038   0.9790 !  0.0000   0.0000   1.0000
11262_Switch_run7_trans	  1.0983 -15.4105  57.9350 !  0.3012  -8.6212  61.5456
11262_Switch_run7_trans	Rotation change -0.1, -0.3, -0.2 degrees
11262_Switch_run7_trans	Position change (0.8, -6.8, -3.6) = 7.7 mm
--
11262_Switch_run8_trans	Coordinate transformations:
11262_Switch_run8_trans	  0.9892  -0.1440  -0.0283 !  1.0000   0.0000   0.0000
11262_Switch_run8_trans	  0.1467   0.9678   0.2047 !  0.0000   1.0000   0.0000
11262_Switch_run8_trans	 -0.0021  -0.2066   0.9784 !  0.0000   0.0000   1.0000
11262_Switch_run8_trans	  1.3754 -15.2823  58.0932 !  0.3012  -8.6212  61.5456
11262_Switch_run8_trans	Rotation change -0.1, -0.3, -0.2 degrees
11262_Switch_run8_trans	Position change (1.1, -6.7, -3.5) = 7.6 mm
--
11262_Switch_run9_trans	Coordinate transformations:
11262_Switch_run9_trans	  0.9889  -0.1459  -0.0288 !  1.0000   0.0000   0.0000
11262_Switch_run9_trans	  0.1487   0.9685   0.1999 !  0.0000   1.0000   0.0000
11262_Switch_run9_trans	 -0.0013  -0.2020   0.9794 !  0.0000   0.0000   1.0000
11262_Switch_run9_trans	  1.3474 -15.0014  58.3079 !  0.3012  -8.6212  61.5456
11262_Switch_run9_trans	Rotation change -0.1, -0.3, -0.2 degrees
11262_Switch_run9_trans	Position change (1.0, -6.4, -3.2) = 7.2 mm
--
11275_Switch_run1_trans	Coordinate transformations:
11275_Switch_run1_trans	  0.9997  -0.0118  -0.0217 !  1.0000   0.0000   0.0000
11275_Switch_run1_trans	  0.0118   0.9999  -0.0022 !  0.0000   1.0000   0.0000
11275_Switch_run1_trans	  0.0217   0.0019   0.9998 !  0.0000   0.0000   1.0000
11275_Switch_run1_trans	  0.9784 -12.5911  27.7886 !  0.3108   7.6438  39.8211
11275_Switch_run1_trans	Rotation change -0.0, -0.0, -0.0 degrees
11275_Switch_run1_trans	Position change (0.7, -20.2, -12.0) = 23.6 mm
--
11275_Switch_run2_trans	Coordinate transformations:
11275_Switch_run2_trans	  0.9994  -0.0174  -0.0286 !  1.0000   0.0000   0.0000
11275_Switch_run2_trans	  0.0173   0.9998  -0.0033 !  0.0000   1.0000   0.0000
11275_Switch_run2_trans	  0.0286   0.0028   0.9996 !  0.0000   0.0000   1.0000
11275_Switch_run2_trans	  1.1580 -11.9722  27.9299 !  0.3108   7.6438  39.8211
11275_Switch_run2_trans	Rotation change -0.0, -0.0, -0.0 degrees
11275_Switch_run2_trans	Position change (0.8, -19.6, -11.9) = 23.0 mm
--
11275_Switch_run3_trans	Coordinate transformations:
11275_Switch_run3_trans	  0.9992  -0.0109  -0.0386 !  1.0000   0.0000   0.0000
11275_Switch_run3_trans	  0.0110   0.9999   0.0025 !  0.0000   1.0000   0.0000
11275_Switch_run3_trans	  0.0386  -0.0029   0.9993 !  0.0000   0.0000   1.0000
11275_Switch_run3_trans	  1.2765 -12.0233  28.2333 !  0.3108   7.6438  39.8211
11275_Switch_run3_trans	Rotation change -0.0, -0.0, -0.0 degrees
11275_Switch_run3_trans	Position change (1.0, -19.7, -11.6) = 22.8 mm
--
11275_Switch_run4_trans	Coordinate transformations:
11275_Switch_run4_trans	  0.9993   0.0248  -0.0293 !  1.0000   0.0000   0.0000
11275_Switch_run4_trans	 -0.0264   0.9981  -0.0548 !  0.0000   1.0000   0.0000
11275_Switch_run4_trans	  0.0279   0.0555   0.9981 !  0.0000   0.0000   1.0000
11275_Switch_run4_trans	 -0.3852 -22.9514  28.6629 !  0.3108   7.6438  39.8211
11275_Switch_run4_trans	Rotation change -0.0, -0.1, -0.1 degrees
11275_Switch_run4_trans	Position change (-0.7, -30.6, -11.2) = 32.6 mm
--
11275_Switch_run5_trans	Coordinate transformations:
11275_Switch_run5_trans	  0.9987   0.0218  -0.0455 !  1.0000   0.0000   0.0000
11275_Switch_run5_trans	 -0.0235   0.9990  -0.0375 !  0.0000   1.0000   0.0000
11275_Switch_run5_trans	  0.0446   0.0385   0.9983 !  0.0000   0.0000   1.0000
11275_Switch_run5_trans	 -1.1913 -24.1595  30.1408 !  0.3108   7.6438  39.8211
11275_Switch_run5_trans	Rotation change -0.1, -0.0, -0.1 degrees
11275_Switch_run5_trans	Position change (-1.5, -31.8, -9.7) = 33.3 mm
--
11275_Switch_run6_trans	Coordinate transformations:
11275_Switch_run6_trans	  0.9989   0.0150  -0.0452 !  1.0000   0.0000   0.0000
