10637_emptyroom_trans	Coordinate transformations:
10637_emptyroom_trans	  0.9999  -0.0045   0.0102 !  1.0000   0.0000   0.0000
10637_emptyroom_trans	  0.0047   0.9997  -0.0246 !  0.0000   1.0000   0.0000
10637_emptyroom_trans	 -0.0101   0.0246   0.9996 !  0.0000   0.0000   1.0000
10637_emptyroom_trans	 -0.4250  -2.4821  57.0022 !  1.8484  10.5242  40.2005
10637_emptyroom_trans	Rotation change -0.0, -0.0, -0.0 degrees
10637_emptyroom_trans	Position change (-2.3, -13.0, 16.8) = 21.4 mm
--
10637_rest_trans	Coordinate transformations:
10637_rest_trans	  0.9999  -0.0045   0.0102 !  1.0000   0.0000   0.0000
10637_rest_trans	  0.0047   0.9997  -0.0246 !  0.0000   1.0000   0.0000
10637_rest_trans	 -0.0101   0.0246   0.9996 !  0.0000   0.0000   1.0000
10637_rest_trans	 -0.4250  -2.4821  57.0022 !  1.8484  10.5242  40.2005
10637_rest_trans	Rotation change -0.0, -0.0, -0.0 degrees
10637_rest_trans	Position change (-2.3, -13.0, 16.8) = 21.4 mm
--
10638_rest_trans	Coordinate transformations:
10638_rest_trans	  0.9999   0.0047   0.0095 !  1.0000   0.0000   0.0000
10638_rest_trans	 -0.0024   0.9743  -0.2252 !  0.0000   1.0000   0.0000
10638_rest_trans	 -0.0103   0.2252   0.9743 !  0.0000   0.0000   1.0000
10638_rest_trans	  1.5789 -11.8187  51.5548 !  0.3672   0.7850  51.9212
10638_rest_trans	Rotation change -0.0, -0.2, -0.2 degrees
10638_rest_trans	Position change (1.2, -12.6, -0.4) = 12.7 mm
--
10644_emptyroom_trans	Coordinate transformations:
10644_emptyroom_trans	  0.9993  -0.0138   0.0337 !  1.0000   0.0000   0.0000
10644_emptyroom_trans	  0.0205   0.9779  -0.2079 !  0.0000   1.0000   0.0000
10644_emptyroom_trans	 -0.0300   0.2084   0.9776 !  0.0000   0.0000   1.0000
10644_emptyroom_trans	 -2.5533  -0.7560  42.9279 !  3.7867   1.4560  46.1626
10644_emptyroom_trans	Rotation change -0.0, -0.2, -0.2 degrees
10644_emptyroom_trans	Position change (-6.3, -2.2, -3.2) = 7.5 mm
--
10644_rest_trans	Coordinate transformations:
10644_rest_trans	  0.9993  -0.0138   0.0337 !  1.0000   0.0000   0.0000
10644_rest_trans	  0.0205   0.9779  -0.2079 !  0.0000   1.0000   0.0000
10644_rest_trans	 -0.0300   0.2084   0.9776 !  0.0000   0.0000   1.0000
10644_rest_trans	 -2.5533  -0.7560  42.9279 !  3.7867   1.4560  46.1626
10644_rest_trans	Rotation change -0.0, -0.2, -0.2 degrees
10644_rest_trans	Position change (-6.3, -2.2, -3.2) = 7.5 mm
--
10662_emptyroom_trans	Coordinate transformations:
10662_emptyroom_trans	  0.9925  -0.0524   0.1104 !  1.0000   0.0000   0.0000
10662_emptyroom_trans	  0.0598   0.9961  -0.0653 !  0.0000   1.0000   0.0000
10662_emptyroom_trans	 -0.1065   0.0714   0.9917 !  0.0000   0.0000   1.0000
10662_emptyroom_trans	  2.1961 -15.4865  55.8797 !  7.7656 -10.1817  45.4159
10662_emptyroom_trans	Rotation change -0.1, -0.1, -0.1 degrees
10662_emptyroom_trans	Position change (-5.6, -5.3, 10.5) = 13.0 mm
--
10662_rest_trans	Coordinate transformations:
10662_rest_trans	  0.9925  -0.0524   0.1104 !  1.0000   0.0000   0.0000
10662_rest_trans	  0.0598   0.9961  -0.0653 !  0.0000   1.0000   0.0000
10662_rest_trans	 -0.1065   0.0714   0.9917 !  0.0000   0.0000   1.0000
10662_rest_trans	  2.1961 -15.4865  55.8797 !  7.7656 -10.1817  45.4159
10662_rest_trans	Rotation change -0.1, -0.1, -0.1 degrees
10662_rest_trans	Position change (-5.6, -5.3, 10.5) = 13.0 mm
--
10717_emptyroom_trans	Coordinate transformations:
10717_emptyroom_trans	  0.9953   0.0964   0.0035 !  1.0000   0.0000   0.0000
10717_emptyroom_trans	 -0.0919   0.9587  -0.2692 !  0.0000   1.0000   0.0000
10717_emptyroom_trans	 -0.0293   0.2676   0.9631 !  0.0000   0.0000   1.0000
10717_emptyroom_trans	  2.3957 -17.8820  28.1848 !  3.2013  -2.7311  44.0394
10717_emptyroom_trans	Rotation change -0.1, -0.3, -0.3 degrees
10717_emptyroom_trans	Position change (-0.8, -15.2, -15.9) = 21.9 mm
--
10717_rest_trans	Coordinate transformations:
10717_rest_trans	  0.9953   0.0964   0.0035 !  1.0000   0.0000   0.0000
10717_rest_trans	 -0.0919   0.9587  -0.2692 !  0.0000   1.0000   0.0000
10717_rest_trans	 -0.0293   0.2676   0.9631 !  0.0000   0.0000   1.0000
10717_rest_trans	  2.3957 -17.8820  28.1848 !  3.2013  -2.7311  44.0394
10717_rest_trans	Rotation change -0.1, -0.3, -0.3 degrees
10717_rest_trans	Position change (-0.8, -15.2, -15.9) = 21.9 mm
--
10767_emptyroom_trans	Coordinate transformations:
10767_emptyroom_trans	  0.9821   0.1542   0.1083 !  1.0000   0.0000   0.0000
10767_emptyroom_trans	 -0.1167   0.9491  -0.2927 !  0.0000   1.0000   0.0000
10767_emptyroom_trans	 -0.1479   0.2748   0.9501 !  0.0000   0.0000   1.0000
10767_emptyroom_trans	 -1.8746  -7.3364  44.3356 !  0.7773  -4.7069  45.8044
10767_emptyroom_trans	Rotation change -0.2, -0.3, -0.3 degrees
10767_emptyroom_trans	Position change (-2.7, -2.6, -1.5) = 4.0 mm
--
10767_rest_trans	Coordinate transformations:
10767_rest_trans	  0.9821   0.1542   0.1083 !  1.0000   0.0000   0.0000
10767_rest_trans	 -0.1167   0.9491  -0.2927 !  0.0000   1.0000   0.0000
10767_rest_trans	 -0.1479   0.2748   0.9501 !  0.0000   0.0000   1.0000
10767_rest_trans	 -1.8746  -7.3364  44.3356 !  0.7773  -4.7069  45.8044
10767_rest_trans	Rotation change -0.2, -0.3, -0.3 degrees
10767_rest_trans	Position change (-2.7, -2.6, -1.5) = 4.0 mm
--
10772_emptyroom_trans	Coordinate transformations:
10772_emptyroom_trans	  0.9995  -0.0070   0.0323 !  1.0000   0.0000   0.0000
10772_emptyroom_trans	  0.0097   0.9965  -0.0836 !  0.0000   1.0000   0.0000
10772_emptyroom_trans	 -0.0316   0.0838   0.9960 !  0.0000   0.0000   1.0000
10772_emptyroom_trans	  1.0138 -13.5775  52.1440 !  3.3314  -5.6486  39.9066
10772_emptyroom_trans	Rotation change -0.0, -0.1, -0.1 degrees
10772_emptyroom_trans	Position change (-2.3, -7.9, 12.2) = 14.8 mm
--
10772_rest_trans	Coordinate transformations:
10772_rest_trans	  0.9995  -0.0070   0.0323 !  1.0000   0.0000   0.0000
10772_rest_trans	  0.0097   0.9965  -0.0836 !  0.0000   1.0000   0.0000
10772_rest_trans	 -0.0316   0.0838   0.9960 !  0.0000   0.0000   1.0000
10772_rest_trans	  1.0138 -13.5775  52.1440 !  3.3314  -5.6486  39.9066
10772_rest_trans	Rotation change -0.0, -0.1, -0.1 degrees
10772_rest_trans	Position change (-2.3, -7.9, 12.2) = 14.8 mm
--
10811_emptyroom_trans	Coordinate transformations:
10811_emptyroom_trans	  0.9986   0.0526   0.0006 !  1.0000   0.0000   0.0000
10811_emptyroom_trans	 -0.0523   0.9942  -0.0938 !  0.0000   1.0000   0.0000
10811_emptyroom_trans	 -0.0056   0.0936   0.9956 !  0.0000   0.0000   1.0000
10811_emptyroom_trans	  2.3450  -3.9740  40.6160 ! -1.6760   4.2505  44.3477
10811_emptyroom_trans	Rotation change -0.1, -0.1, -0.1 degrees
10811_emptyroom_trans	Position change (4.0, -8.2, -3.7) = 9.9 mm
--
10811_rest_trans	Coordinate transformations:
10811_rest_trans	  0.9986   0.0526   0.0006 !  1.0000   0.0000   0.0000
10811_rest_trans	 -0.0523   0.9942  -0.0938 !  0.0000   1.0000   0.0000
10811_rest_trans	 -0.0056   0.0936   0.9956 !  0.0000   0.0000   1.0000
10811_rest_trans	  2.3450  -3.9740  40.6160 ! -1.6760   4.2505  44.3477
10811_rest_trans	Rotation change -0.1, -0.1, -0.1 degrees
10811_rest_trans	Position change (4.0, -8.2, -3.7) = 9.9 mm
--
10814_emptyroom_trans	Coordinate transformations:
10814_emptyroom_trans	  0.9956   0.0248  -0.0899 !  1.0000   0.0000   0.0000
10814_emptyroom_trans	 -0.0411   0.9819  -0.1848 !  0.0000   1.0000   0.0000
10814_emptyroom_trans	  0.0837   0.1877   0.9787 !  0.0000   0.0000   1.0000
10814_emptyroom_trans	 -0.8966 -14.0821  55.7270 !  0.2936   4.2519  46.7556
10814_emptyroom_trans	Rotation change -0.1, -0.2, -0.2 degrees
10814_emptyroom_trans	Position change (-1.2, -18.3, 9.0) = 20.4 mm
--
10814_rest_trans	Coordinate transformations:
10814_rest_trans	  0.9956   0.0248  -0.0899 !  1.0000   0.0000   0.0000
10814_rest_trans	 -0.0411   0.9819  -0.1848 !  0.0000   1.0000   0.0000
10814_rest_trans	  0.0837   0.1877   0.9787 !  0.0000   0.0000   1.0000
10814_rest_trans	 -0.8966 -14.0821  55.7270 !  0.2936   4.2519  46.7556
10814_rest_trans	Rotation change -0.1, -0.2, -0.2 degrees
10814_rest_trans	Position change (-1.2, -18.3, 9.0) = 20.4 mm
--
10841_emptyroom_trans	Coordinate transformations:
10841_emptyroom_trans	  0.9969   0.0640  -0.0468 !  1.0000   0.0000   0.0000
10841_emptyroom_trans	 -0.0577   0.9905   0.1245 !  0.0000   1.0000   0.0000
10841_emptyroom_trans	  0.0544  -0.1214   0.9911 !  0.0000   0.0000   1.0000
10841_emptyroom_trans	  5.8424  -0.7580  44.1431 !  2.1459   3.2767  41.0110
10841_emptyroom_trans	Rotation change -0.1, -0.1, -0.1 degrees
10841_emptyroom_trans	Position change (3.7, -4.0, 3.1) = 6.3 mm
--
10841_rest_trans	Coordinate transformations:
10841_rest_trans	  0.9969   0.0640  -0.0468 !  1.0000   0.0000   0.0000
10841_rest_trans	 -0.0577   0.9905   0.1245 !  0.0000   1.0000   0.0000
10841_rest_trans	  0.0544  -0.1214   0.9911 !  0.0000   0.0000   1.0000
10841_rest_trans	  5.8424  -0.7580  44.1431 !  2.1459   3.2767  41.0110
10841_rest_trans	Rotation change -0.1, -0.1, -0.1 degrees
10841_rest_trans	Position change (3.7, -4.0, 3.1) = 6.3 mm
--
10873_emptyroom_trans	Coordinate transformations:
10873_emptyroom_trans	  0.9993  -0.0372   0.0040 !  1.0000   0.0000   0.0000
10873_emptyroom_trans	  0.0373   0.9835  -0.1770 !  0.0000   1.0000   0.0000
10873_emptyroom_trans	  0.0026   0.1770   0.9842 !  0.0000   0.0000   1.0000
10873_emptyroom_trans	 -1.2328  -6.3077  40.4937 ! -0.2825  -7.2341  44.8425
10873_emptyroom_trans	Rotation change -0.0, -0.2, -0.2 degrees
10873_emptyroom_trans	Position change (-1.0, 0.9, -4.3) = 4.5 mm
--
10873_rest_trans	Coordinate transformations:
10873_rest_trans	  0.9993  -0.0372   0.0040 !  1.0000   0.0000   0.0000
10873_rest_trans	  0.0373   0.9835  -0.1770 !  0.0000   1.0000   0.0000
10873_rest_trans	  0.0026   0.1770   0.9842 !  0.0000   0.0000   1.0000
10873_rest_trans	 -1.2328  -6.3077  40.4937 ! -0.2825  -7.2341  44.8425
10873_rest_trans	Rotation change -0.0, -0.2, -0.2 degrees
10873_rest_trans	Position change (-1.0, 0.9, -4.3) = 4.5 mm
--
10891_emptyroom_trans	Coordinate transformations:
10891_emptyroom_trans	  0.9996   0.0131   0.0270 !  1.0000   0.0000   0.0000
10891_emptyroom_trans	 -0.0042   0.9516  -0.3073 !  0.0000   1.0000   0.0000
10891_emptyroom_trans	 -0.0297   0.3070   0.9512 !  0.0000   0.0000   1.0000
10891_emptyroom_trans	  1.5849 -21.0782  68.0252 !  0.7512  -6.0733  40.2959
10891_emptyroom_trans	Rotation change -0.0, -0.3, -0.3 degrees
10891_emptyroom_trans	Position change (0.8, -15.0, 27.7) = 31.5 mm
--
10891_rest_trans	Coordinate transformations:
10891_rest_trans	  0.9996   0.0131   0.0270 !  1.0000   0.0000   0.0000
10891_rest_trans	 -0.0042   0.9516  -0.3073 !  0.0000   1.0000   0.0000
10891_rest_trans	 -0.0297   0.3070   0.9512 !  0.0000   0.0000   1.0000
10891_rest_trans	  1.5849 -21.0782  68.0252 !  0.7512  -6.0733  40.2959
10891_rest_trans	Rotation change -0.0, -0.3, -0.3 degrees
10891_rest_trans	Position change (0.8, -15.0, 27.7) = 31.5 mm
--
10895_emptyroom_trans	Coordinate transformations:
10895_emptyroom_trans	  0.9898  -0.1402   0.0261 !  1.0000   0.0000   0.0000
10895_emptyroom_trans	  0.1396   0.9899   0.0235 !  0.0000   1.0000   0.0000
10895_emptyroom_trans	 -0.0292  -0.0196   0.9994 !  0.0000   0.0000   1.0000
10895_emptyroom_trans	  6.0019   6.7817  59.5389 !  1.1186   7.0027  50.4897
10895_emptyroom_trans	Rotation change -0.1, -0.1, -0.0 degrees
10895_emptyroom_trans	Position change (4.9, -0.2, 9.0) = 10.3 mm
--
10895_rest_trans	Coordinate transformations:
10895_rest_trans	  0.9898  -0.1402   0.0261 !  1.0000   0.0000   0.0000
10895_rest_trans	  0.1396   0.9899   0.0235 !  0.0000   1.0000   0.0000
10895_rest_trans	 -0.0292  -0.0196   0.9994 !  0.0000   0.0000   1.0000
10895_rest_trans	  6.0019   6.7817  59.5389 !  1.1186   7.0027  50.4897
10895_rest_trans	Rotation change -0.1, -0.1, -0.0 degrees
10895_rest_trans	Position change (4.9, -0.2, 9.0) = 10.3 mm
--
10910_emptyroom_trans	Coordinate transformations:
10910_emptyroom_trans	  0.9960   0.0536   0.0717 !  1.0000   0.0000   0.0000
10910_emptyroom_trans	 -0.0530   0.9985  -0.0108 !  0.0000   1.0000   0.0000
10910_emptyroom_trans	 -0.0722   0.0069   0.9974 !  0.0000   0.0000   1.0000
10910_emptyroom_trans	  0.8242  -4.6965  59.2796 ! -0.9449  -1.6734  46.5995
10910_emptyroom_trans	Rotation change -0.1, -0.1, -0.1 degrees
10910_emptyroom_trans	Position change (1.8, -3.0, 12.7) = 13.2 mm
--
10910_rest_trans	Coordinate transformations:
10910_rest_trans	  0.9960   0.0536   0.0717 !  1.0000   0.0000   0.0000
10910_rest_trans	 -0.0530   0.9985  -0.0108 !  0.0000   1.0000   0.0000
10910_rest_trans	 -0.0722   0.0069   0.9974 !  0.0000   0.0000   1.0000
10910_rest_trans	  0.8242  -4.6965  59.2796 ! -0.9449  -1.6734  46.5995
10910_rest_trans	Rotation change -0.1, -0.1, -0.1 degrees
10910_rest_trans	Position change (1.8, -3.0, 12.7) = 13.2 mm
--
10912_rest_trans	Coordinate transformations:
10912_rest_trans	  0.9972  -0.0619  -0.0411 !  1.0000   0.0000   0.0000
10912_rest_trans	  0.0673   0.9869   0.1464 !  0.0000   1.0000   0.0000
10912_rest_trans	  0.0316  -0.1487   0.9884 !  0.0000   0.0000   1.0000
10912_rest_trans	  2.1119  -7.9443  45.0991 !  3.6324  -5.9241  41.2876
10912_rest_trans	Rotation change -0.1, -0.2, -0.2 degrees
10912_rest_trans	Position change (-1.5, -2.0, 3.8) = 4.6 mm
--
10915_emptyroom_trans	Coordinate transformations:
10915_emptyroom_trans	  0.9987   0.0338   0.0384 !  1.0000   0.0000   0.0000
10915_emptyroom_trans	 -0.0340   0.9994   0.0041 !  0.0000   1.0000   0.0000
10915_emptyroom_trans	 -0.0382  -0.0054   0.9993 !  0.0000   0.0000   1.0000
10915_emptyroom_trans	  0.5125  -0.1173  54.0065 !  0.5786   8.1969  50.9227
10915_emptyroom_trans	Rotation change -0.1, -0.0, -0.0 degrees
10915_emptyroom_trans	Position change (-0.1, -8.3, 3.1) = 8.9 mm
--
10915_rest_trans	Coordinate transformations:
10915_rest_trans	  0.9987   0.0338   0.0384 !  1.0000   0.0000   0.0000
10915_rest_trans	 -0.0340   0.9994   0.0041 !  0.0000   1.0000   0.0000
10915_rest_trans	 -0.0382  -0.0054   0.9993 !  0.0000   0.0000   1.0000
10915_rest_trans	  0.5125  -0.1173  54.0065 !  0.5786   8.1969  50.9227
10915_rest_trans	Rotation change -0.1, -0.0, -0.0 degrees
10915_rest_trans	Position change (-0.1, -8.3, 3.1) = 8.9 mm
--
10918_emptyroom_trans	Coordinate transformations:
10918_emptyroom_trans	  0.9975   0.0514  -0.0474 !  1.0000   0.0000   0.0000
10918_emptyroom_trans	 -0.0402   0.9760   0.2139 !  0.0000   1.0000   0.0000
10918_emptyroom_trans	  0.0573  -0.2114   0.9757 !  0.0000   0.0000   1.0000
10918_emptyroom_trans	 -2.2691 -16.1507  46.7784 ! -1.7798 -12.3794  43.6509
10918_emptyroom_trans	Rotation change -0.1, -0.2, -0.2 degrees
10918_emptyroom_trans	Position change (-0.5, -3.8, 3.1) = 4.9 mm
--
10918_rest_trans	Coordinate transformations:
10918_rest_trans	  0.9975   0.0514  -0.0474 !  1.0000   0.0000   0.0000
10918_rest_trans	 -0.0402   0.9760   0.2139 !  0.0000   1.0000   0.0000
10918_rest_trans	  0.0573  -0.2114   0.9757 !  0.0000   0.0000   1.0000
10918_rest_trans	 -2.2691 -16.1507  46.7784 ! -1.7798 -12.3794  43.6509
10918_rest_trans	Rotation change -0.1, -0.2, -0.2 degrees
10918_rest_trans	Position change (-0.5, -3.8, 3.1) = 4.9 mm
--
10927_emptyroom_trans	Coordinate transformations:
10927_emptyroom_trans	  0.9974   0.0658   0.0292 !  1.0000   0.0000   0.0000
10927_emptyroom_trans	 -0.0620   0.9912  -0.1166 !  0.0000   1.0000   0.0000
10927_emptyroom_trans	 -0.0366   0.1145   0.9928 !  0.0000   0.0000   1.0000
10927_emptyroom_trans	  4.1403   0.3538  51.9782 !  1.2297   4.3348  49.7435
10927_emptyroom_trans	Rotation change -0.1, -0.1, -0.1 degrees
10927_emptyroom_trans	Position change (2.9, -4.0, 2.2) = 5.4 mm
--
10927_rest_trans	Coordinate transformations:
10927_rest_trans	  0.9974   0.0658   0.0292 !  1.0000   0.0000   0.0000
10927_rest_trans	 -0.0620   0.9912  -0.1166 !  0.0000   1.0000   0.0000
10927_rest_trans	 -0.0366   0.1145   0.9928 !  0.0000   0.0000   1.0000
10927_rest_trans	  4.1403   0.3538  51.9782 !  1.2297   4.3348  49.7435
10927_rest_trans	Rotation change -0.1, -0.1, -0.1 degrees
10927_rest_trans	Position change (2.9, -4.0, 2.2) = 5.4 mm
--
10931_emptyroom_trans	Coordinate transformations:
10931_emptyroom_trans	  0.9974   0.0661  -0.0280 !  1.0000   0.0000   0.0000
10931_emptyroom_trans	 -0.0692   0.9889  -0.1314 !  0.0000   1.0000   0.0000
10931_emptyroom_trans	  0.0190   0.1330   0.9909 !  0.0000   0.0000   1.0000
10931_emptyroom_trans	  1.7786  -2.8904  39.0218 ! -1.8708  -5.6705  48.4687
10931_emptyroom_trans	Rotation change -0.1, -0.1, -0.1 degrees
10931_emptyroom_trans	Position change (3.6, 2.8, -9.4) = 10.5 mm
--
10931_rest_trans	Coordinate transformations:
10931_rest_trans	  0.9974   0.0661  -0.0280 !  1.0000   0.0000   0.0000
10931_rest_trans	 -0.0692   0.9889  -0.1314 !  0.0000   1.0000   0.0000
10931_rest_trans	  0.0190   0.1330   0.9909 !  0.0000   0.0000   1.0000
10931_rest_trans	  1.7786  -2.8904  39.0218 ! -1.8708  -5.6705  48.4687
10931_rest_trans	Rotation change -0.1, -0.1, -0.1 degrees
10931_rest_trans	Position change (3.6, 2.8, -9.4) = 10.5 mm
--
10941_rest_trans	Coordinate transformations:
10941_rest_trans	  0.9993   0.0335  -0.0186 !  1.0000   0.0000   0.0000
10941_rest_trans	 -0.0332   0.9993   0.0167 !  0.0000   1.0000   0.0000
10941_rest_trans	  0.0191  -0.0161   0.9997 !  0.0000   0.0000   1.0000
10941_rest_trans	  3.0203  -6.5197  49.9928 !  0.6476  -3.9722  40.2967
10941_rest_trans	Rotation change -0.0, -0.0, -0.0 degrees
10941_rest_trans	Position change (2.4, -2.5, 9.7) = 10.3 mm
--
10945_emptyroom_trans	Coordinate transformations:
10945_emptyroom_trans	  0.9982   0.0372   0.0466 !  1.0000   0.0000   0.0000
10945_emptyroom_trans	 -0.0309   0.9911  -0.1296 !  0.0000   1.0000   0.0000
10945_emptyroom_trans	 -0.0510   0.1279   0.9905 !  0.0000   0.0000   1.0000
10945_emptyroom_trans	 -2.1811   0.6830  52.5070 !  0.8659  -4.6456  51.4847
10945_emptyroom_trans	Rotation change -0.1, -0.1, -0.1 degrees
10945_emptyroom_trans	Position change (-3.0, 5.3, 1.0) = 6.2 mm
--
10945_rest_trans	Coordinate transformations:
10945_rest_trans	  0.9982   0.0372   0.0466 !  1.0000   0.0000   0.0000
10945_rest_trans	 -0.0309   0.9911  -0.1296 !  0.0000   1.0000   0.0000
10945_rest_trans	 -0.0510   0.1279   0.9905 !  0.0000   0.0000   1.0000
10945_rest_trans	 -2.1811   0.6830  52.5070 !  0.8659  -4.6456  51.4847
10945_rest_trans	Rotation change -0.1, -0.1, -0.1 degrees
10945_rest_trans	Position change (-3.0, 5.3, 1.0) = 6.2 mm
--
10960_emptyroom_trans	Coordinate transformations:
10960_emptyroom_trans	  1.0000  -0.0073  -0.0055 !  1.0000   0.0000   0.0000
10960_emptyroom_trans	  0.0081   0.9851   0.1716 !  0.0000   1.0000   0.0000
10960_emptyroom_trans	  0.0042  -0.1716   0.9851 !  0.0000   0.0000   1.0000
10960_emptyroom_trans	  0.2210  -8.1837  48.4016 !  0.7316   5.9690  51.7208
10960_emptyroom_trans	Rotation change -0.0, -0.2, -0.2 degrees
10960_emptyroom_trans	Position change (-0.5, -14.2, -3.3) = 14.5 mm
--
10960_rest_trans	Coordinate transformations:
10960_rest_trans	  1.0000  -0.0073  -0.0055 !  1.0000   0.0000   0.0000
10960_rest_trans	  0.0081   0.9851   0.1716 !  0.0000   1.0000   0.0000
10960_rest_trans	  0.0042  -0.1716   0.9851 !  0.0000   0.0000   1.0000
10960_rest_trans	  0.2210  -8.1837  48.4016 !  0.7316   5.9690  51.7208
10960_rest_trans	Rotation change -0.0, -0.2, -0.2 degrees
10960_rest_trans	Position change (-0.5, -14.2, -3.3) = 14.5 mm
--
10972_emptyroom_trans	Coordinate transformations:
10972_emptyroom_trans	  0.9999  -0.0021  -0.0114 !  1.0000   0.0000   0.0000
10972_emptyroom_trans	 -0.0005   0.9759  -0.2181 !  0.0000   1.0000   0.0000
10972_emptyroom_trans	  0.0116   0.2181   0.9759 !  0.0000   0.0000   1.0000
10972_emptyroom_trans	  4.5840 -23.8521  41.0170 !  3.4295   2.4844  50.3052
10972_emptyroom_trans	Rotation change -0.0, -0.2, -0.2 degrees
10972_emptyroom_trans	Position change (1.2, -26.3, -9.3) = 28.0 mm
--
10972_rest_trans	Coordinate transformations:
10972_rest_trans	  0.9999  -0.0021  -0.0114 !  1.0000   0.0000   0.0000
10972_rest_trans	 -0.0005   0.9759  -0.2181 !  0.0000   1.0000   0.0000
10972_rest_trans	  0.0116   0.2181   0.9759 !  0.0000   0.0000   1.0000
10972_rest_trans	  4.5840 -23.8521  41.0170 !  3.4295   2.4844  50.3052
10972_rest_trans	Rotation change -0.0, -0.2, -0.2 degrees
10972_rest_trans	Position change (1.2, -26.3, -9.3) = 28.0 mm
--
10997_emptyroom_trans	Coordinate transformations:
10997_emptyroom_trans	  0.9988  -0.0379  -0.0307 !  1.0000   0.0000   0.0000
10997_emptyroom_trans	  0.0350   0.9953  -0.0904 !  0.0000   1.0000   0.0000
10997_emptyroom_trans	  0.0339   0.0893   0.9954 !  0.0000   0.0000   1.0000
10997_emptyroom_trans	  3.6721   0.4751  43.0767 !  1.8551   8.6600  31.0109
10997_emptyroom_trans	Rotation change -0.0, -0.1, -0.1 degrees
10997_emptyroom_trans	Position change (1.8, -8.2, 12.1) = 14.7 mm
--
10997_rest_trans	Coordinate transformations:
10997_rest_trans	  0.9988  -0.0379  -0.0307 !  1.0000   0.0000   0.0000
10997_rest_trans	  0.0350   0.9953  -0.0904 !  0.0000   1.0000   0.0000
10997_rest_trans	  0.0339   0.0893   0.9954 !  0.0000   0.0000   1.0000
10997_rest_trans	  3.6721   0.4751  43.0767 !  1.8551   8.6600  31.0109
10997_rest_trans	Rotation change -0.0, -0.1, -0.1 degrees
10997_rest_trans	Position change (1.8, -8.2, 12.1) = 14.7 mm
--
11027_emptyroom_trans	Coordinate transformations:
11027_emptyroom_trans	  0.9970  -0.0763  -0.0162 !  1.0000   0.0000   0.0000
11027_emptyroom_trans	  0.0778   0.9549   0.2867 !  0.0000   1.0000   0.0000
11027_emptyroom_trans	 -0.0064  -0.2871   0.9579 !  0.0000   0.0000   1.0000
11027_emptyroom_trans	 -5.8896  17.0077  93.4089 !  2.9437   5.4797  42.7367
11027_emptyroom_trans	Rotation change -0.1, -0.3, -0.3 degrees
11027_emptyroom_trans	Position change (-8.8, 11.5, 50.7) = 52.7 mm
--
11043_emptyroom_trans	Coordinate transformations:
11043_emptyroom_trans	  0.9977   0.0671   0.0058 !  1.0000   0.0000   0.0000
11043_emptyroom_trans	 -0.0649   0.9807  -0.1846 !  0.0000   1.0000   0.0000
11043_emptyroom_trans	 -0.0181   0.1838   0.9828 !  0.0000   0.0000   1.0000
11043_emptyroom_trans	  0.5951 -11.9601  40.4871 ! -0.3863   4.8535  37.1298
11043_emptyroom_trans	Rotation change -0.1, -0.2, -0.2 degrees
11043_emptyroom_trans	Position change (1.0, -16.8, 3.4) = 17.2 mm
--
11043_rest_trans	Coordinate transformations:
11043_rest_trans	  0.9977   0.0671   0.0058 !  1.0000   0.0000   0.0000
11043_rest_trans	 -0.0649   0.9807  -0.1846 !  0.0000   1.0000   0.0000
11043_rest_trans	 -0.0181   0.1838   0.9828 !  0.0000   0.0000   1.0000
11043_rest_trans	  0.5951 -11.9601  40.4871 ! -0.3863   4.8535  37.1298
11043_rest_trans	Rotation change -0.1, -0.2, -0.2 degrees
11043_rest_trans	Position change (1.0, -16.8, 3.4) = 17.2 mm
--
11046_emptyroom_trans	Coordinate transformations:
11046_emptyroom_trans	  0.9922  -0.1247   0.0057 !  1.0000   0.0000   0.0000
11046_emptyroom_trans	  0.1226   0.9649  -0.2322 !  0.0000   1.0000   0.0000
11046_emptyroom_trans	  0.0234   0.2311   0.9727 !  0.0000   0.0000   1.0000
11046_emptyroom_trans	 -0.0511  -1.0538  32.5617 !  2.0832   4.6579  41.2100
11046_emptyroom_trans	Rotation change -0.1, -0.3, -0.2 degrees
11046_emptyroom_trans	Position change (-2.1, -5.7, -8.6) = 10.6 mm
--
11046_rest_trans	Coordinate transformations:
11046_rest_trans	  0.9922  -0.1247   0.0057 !  1.0000   0.0000   0.0000
11046_rest_trans	  0.1226   0.9649  -0.2322 !  0.0000   1.0000   0.0000
11046_rest_trans	  0.0234   0.2311   0.9727 !  0.0000   0.0000   1.0000
11046_rest_trans	 -0.0511  -1.0538  32.5617 !  2.0832   4.6579  41.2100
11046_rest_trans	Rotation change -0.1, -0.3, -0.2 degrees
11046_rest_trans	Position change (-2.1, -5.7, -8.6) = 10.6 mm
--
11052_emptyroom_trans	Coordinate transformations:
11052_emptyroom_trans	  0.9991   0.0157   0.0386 !  1.0000   0.0000   0.0000
11052_emptyroom_trans	 -0.0104   0.9909  -0.1345 !  0.0000   1.0000   0.0000
11052_emptyroom_trans	 -0.0404   0.1340   0.9902 !  0.0000   0.0000   1.0000
11052_emptyroom_trans	 -0.1024 -14.7904  24.4924 ! -4.3538  -9.2407  33.4652
11052_emptyroom_trans	Rotation change -0.0, -0.1, -0.1 degrees
11052_emptyroom_trans	Position change (4.3, -5.5, -9.0) = 11.4 mm
--
11052_rest_trans	Coordinate transformations:
11052_rest_trans	  0.9991   0.0157   0.0386 !  1.0000   0.0000   0.0000
11052_rest_trans	 -0.0104   0.9909  -0.1345 !  0.0000   1.0000   0.0000
11052_rest_trans	 -0.0404   0.1340   0.9902 !  0.0000   0.0000   1.0000
11052_rest_trans	 -0.1024 -14.7904  24.4924 ! -4.3538  -9.2407  33.4652
11052_rest_trans	Rotation change -0.0, -0.1, -0.1 degrees
11052_rest_trans	Position change (4.3, -5.5, -9.0) = 11.4 mm
--
11059_emptyroom_trans	Coordinate transformations:
11059_emptyroom_trans	  0.9980  -0.0554   0.0291 !  1.0000   0.0000   0.0000
11059_emptyroom_trans	  0.0536   0.9968   0.0589 !  0.0000   1.0000   0.0000
11059_emptyroom_trans	 -0.0323  -0.0572   0.9978 !  0.0000   0.0000   1.0000
11059_emptyroom_trans	  3.0932  -6.0573  54.1374 !  1.9969  -3.3118  42.0649
11059_emptyroom_trans	Rotation change -0.1, -0.1, -0.1 degrees
11059_emptyroom_trans	Position change (1.1, -2.7, 12.1) = 12.4 mm
--
11059_rest_trans	Coordinate transformations:
11059_rest_trans	  0.9980  -0.0554   0.0291 !  1.0000   0.0000   0.0000
11059_rest_trans	  0.0536   0.9968   0.0589 !  0.0000   1.0000   0.0000
11059_rest_trans	 -0.0323  -0.0572   0.9978 !  0.0000   0.0000   1.0000
11059_rest_trans	  3.0932  -6.0573  54.1374 !  1.9969  -3.3118  42.0649
11059_rest_trans	Rotation change -0.1, -0.1, -0.1 degrees
11059_rest_trans	Position change (1.1, -2.7, 12.1) = 12.4 mm
--
11075_emptyroom_trans	Coordinate transformations:
11075_emptyroom_trans	  0.9936   0.0851   0.0737 !  1.0000   0.0000   0.0000
11075_emptyroom_trans	 -0.0833   0.9962  -0.0270 !  0.0000   1.0000   0.0000
11075_emptyroom_trans	 -0.0757   0.0207   0.9969 !  0.0000   0.0000   1.0000
11075_emptyroom_trans	 -0.0505   0.5273  47.3094 ! -1.1607  -1.4953  50.5512
11075_emptyroom_trans	Rotation change -0.1, -0.1, -0.1 degrees
11075_emptyroom_trans	Position change (1.1, 2.0, -3.2) = 4.0 mm
--
11075_rest_trans	Coordinate transformations:
11075_rest_trans	  0.9936   0.0851   0.0737 !  1.0000   0.0000   0.0000
11075_rest_trans	 -0.0833   0.9962  -0.0270 !  0.0000   1.0000   0.0000
11075_rest_trans	 -0.0757   0.0207   0.9969 !  0.0000   0.0000   1.0000
11075_rest_trans	 -0.0505   0.5273  47.3094 ! -1.1607  -1.4953  50.5512
11075_rest_trans	Rotation change -0.1, -0.1, -0.1 degrees
11075_rest_trans	Position change (1.1, 2.0, -3.2) = 4.0 mm
--
11125_rest_trans	Coordinate transformations:
11125_rest_trans	  0.9957  -0.0073   0.0924 !  1.0000   0.0000   0.0000
11125_rest_trans	 -0.0055   0.9905   0.1372 !  0.0000   1.0000   0.0000
11125_rest_trans	 -0.0925  -0.1371   0.9862 !  0.0000   0.0000   1.0000
11125_rest_trans	  0.7012   2.1091  46.3177 !  1.7526  14.0974  45.9711
11125_rest_trans	Rotation change -0.1, -0.1, -0.2 degrees
11125_rest_trans	Position change (-1.1, -12.0, 0.3) = 12.0 mm
--
11126_emptyroom_trans	Coordinate transformations:
11126_emptyroom_trans	  0.9924  -0.0754   0.0972 !  1.0000   0.0000   0.0000
11126_emptyroom_trans	  0.0700   0.9958   0.0584 !  0.0000   1.0000   0.0000
11126_emptyroom_trans	 -0.1012  -0.0511   0.9936 !  0.0000   0.0000   1.0000
11126_emptyroom_trans	  1.2540  -1.6030  43.0974 !  1.2416   6.8382  47.5291
11126_emptyroom_trans	Rotation change -0.1, -0.1, -0.1 degrees
11126_emptyroom_trans	Position change (0.0, -8.4, -4.4) = 9.5 mm
--
11126_rest_trans	Coordinate transformations:
11126_rest_trans	  0.9924  -0.0754   0.0972 !  1.0000   0.0000   0.0000
11126_rest_trans	  0.0700   0.9958   0.0584 !  0.0000   1.0000   0.0000
11126_rest_trans	 -0.1012  -0.0511   0.9936 !  0.0000   0.0000   1.0000
11126_rest_trans	  1.2540  -1.6030  43.0974 !  1.2416   6.8382  47.5291
11126_rest_trans	Rotation change -0.1, -0.1, -0.1 degrees
11126_rest_trans	Position change (0.0, -8.4, -4.4) = 9.5 mm
--
11136_emptyroom_trans	Coordinate transformations:
11136_emptyroom_trans	  0.9985   0.0526  -0.0147 !  1.0000   0.0000   0.0000
11136_emptyroom_trans	 -0.0531   0.9980  -0.0341 !  0.0000   1.0000   0.0000
11136_emptyroom_trans	  0.0129   0.0348   0.9993 !  0.0000   0.0000   1.0000
11136_emptyroom_trans	  0.5912 -20.4819  29.0831 !  0.8790  -4.9254  46.9275
11136_emptyroom_trans	Rotation change -0.1, -0.1, -0.0 degrees
11136_emptyroom_trans	Position change (-0.3, -15.6, -17.8) = 23.7 mm
--
11136_rest_trans	Coordinate transformations:
11136_rest_trans	  0.9985   0.0526  -0.0147 !  1.0000   0.0000   0.0000
11136_rest_trans	 -0.0531   0.9980  -0.0341 !  0.0000   1.0000   0.0000
11136_rest_trans	  0.0129   0.0348   0.9993 !  0.0000   0.0000   1.0000
11136_rest_trans	  0.5912 -20.4819  29.0831 !  0.8790  -4.9254  46.9275
11136_rest_trans	Rotation change -0.1, -0.1, -0.0 degrees
11136_rest_trans	Position change (-0.3, -15.6, -17.8) = 23.7 mm
--
11150_emptyroom_trans	Coordinate transformations:
11150_emptyroom_trans	  0.9988   0.0422   0.0260 !  1.0000   0.0000   0.0000
11150_emptyroom_trans	 -0.0421   0.9991  -0.0074 !  0.0000   1.0000   0.0000
11150_emptyroom_trans	 -0.0262   0.0063   0.9996 !  0.0000   0.0000   1.0000
11150_emptyroom_trans	 -0.6459 -11.3678  51.9606 ! -0.8550  -5.4174  47.3805
11150_emptyroom_trans	Rotation change -0.0, -0.0, -0.0 degrees
11150_emptyroom_trans	Position change (0.2, -6.0, 4.6) = 7.5 mm
--
11150_rest_trans	Coordinate transformations:
11150_rest_trans	  0.9988   0.0422   0.0260 !  1.0000   0.0000   0.0000
11150_rest_trans	 -0.0421   0.9991  -0.0074 !  0.0000   1.0000   0.0000
11150_rest_trans	 -0.0262   0.0063   0.9996 !  0.0000   0.0000   1.0000
11150_rest_trans	 -0.6459 -11.3678  51.9606 ! -0.8550  -5.4174  47.3805
11150_rest_trans	Rotation change -0.0, -0.0, -0.0 degrees
11150_rest_trans	Position change (0.2, -6.0, 4.6) = 7.5 mm
--
11162_emptyroom_trans	Coordinate transformations:
11162_emptyroom_trans	  0.9998  -0.0183  -0.0022 !  1.0000   0.0000   0.0000
11162_emptyroom_trans	  0.0180   0.9962  -0.0850 !  0.0000   1.0000   0.0000
11162_emptyroom_trans	  0.0038   0.0850   0.9964 !  0.0000   0.0000   1.0000
11162_emptyroom_trans	 -1.7715 -10.3618  48.6654 ! -0.6598  -5.1515  49.1778
11162_emptyroom_trans	Rotation change -0.0, -0.1, -0.1 degrees
11162_emptyroom_trans	Position change (-1.1, -5.2, -0.5) = 5.4 mm
--
11162_rest_trans	Coordinate transformations:
11162_rest_trans	  0.9998  -0.0183  -0.0022 !  1.0000   0.0000   0.0000
11162_rest_trans	  0.0180   0.9962  -0.0850 !  0.0000   1.0000   0.0000
11162_rest_trans	  0.0038   0.0850   0.9964 !  0.0000   0.0000   1.0000
11162_rest_trans	 -1.7715 -10.3618  48.6654 ! -0.6598  -5.1515  49.1778
11162_rest_trans	Rotation change -0.0, -0.1, -0.1 degrees
11162_rest_trans	Position change (-1.1, -5.2, -0.5) = 5.4 mm
--
11163_emptyroom_trans	Coordinate transformations:
11163_emptyroom_trans	  0.9969  -0.0550  -0.0564 !  1.0000   0.0000   0.0000
11163_emptyroom_trans	  0.0577   0.9972   0.0476 !  0.0000   1.0000   0.0000
11163_emptyroom_trans	  0.0536  -0.0507   0.9973 !  0.0000   0.0000   1.0000
11163_emptyroom_trans	  2.2189 -22.6845  42.4219 !  2.5223  -6.6091  45.0916
11163_emptyroom_trans	Rotation change -0.1, -0.1, -0.1 degrees
11163_emptyroom_trans	Position change (-0.3, -16.1, -2.7) = 16.3 mm
--
11165_emptyroom_trans	Coordinate transformations:
11165_emptyroom_trans	  0.9994   0.0006  -0.0355 !  1.0000   0.0000   0.0000
11165_emptyroom_trans	  0.0036   0.9932   0.1167 !  0.0000   1.0000   0.0000
11165_emptyroom_trans	  0.0353  -0.1167   0.9925 !  0.0000   0.0000   1.0000
11165_emptyroom_trans	 -0.7296   2.6757  60.2436 ! -1.9168  -4.4690  54.2165
11165_emptyroom_trans	Rotation change -0.0, -0.1, -0.1 degrees
11165_emptyroom_trans	Position change (1.2, 7.1, 6.0) = 9.4 mm
--
11165_rest_trans	Coordinate transformations:
11165_rest_trans	  0.9994   0.0006  -0.0355 !  1.0000   0.0000   0.0000
11165_rest_trans	  0.0036   0.9932   0.1167 !  0.0000   1.0000   0.0000
11165_rest_trans	  0.0353  -0.1167   0.9925 !  0.0000   0.0000   1.0000
11165_rest_trans	 -0.7296   2.6757  60.2436 ! -1.9168  -4.4690  54.2165
11165_rest_trans	Rotation change -0.0, -0.1, -0.1 degrees
11165_rest_trans	Position change (1.2, 7.1, 6.0) = 9.4 mm
--
11171_emptyroom_trans	Coordinate transformations:
11171_emptyroom_trans	  0.9984   0.0561   0.0124 !  1.0000   0.0000   0.0000
11171_emptyroom_trans	 -0.0543   0.9924  -0.1106 !  0.0000   1.0000   0.0000
11171_emptyroom_trans	 -0.0185   0.1097   0.9938 !  0.0000   0.0000   1.0000
11171_emptyroom_trans	 -0.5679   3.3152  49.7270 !  0.9388   5.5529  36.4858
11171_emptyroom_trans	Rotation change -0.1, -0.1, -0.1 degrees
11171_emptyroom_trans	Position change (-1.5, -2.2, 13.2) = 13.5 mm
--
11173_emptyroom_trans	Coordinate transformations:
11173_emptyroom_trans	  1.0000  -0.0043  -0.0083 !  1.0000   0.0000   0.0000
11173_emptyroom_trans	  0.0047   0.9988   0.0492 !  0.0000   1.0000   0.0000
11173_emptyroom_trans	  0.0081  -0.0493   0.9988 !  0.0000   0.0000   1.0000
11173_emptyroom_trans	 -0.9344   0.5693  42.8233 ! -2.0568  -0.8406  37.7192
11173_emptyroom_trans	Rotation change -0.0, -0.0, -0.0 degrees
11173_emptyroom_trans	Position change (1.1, 1.4, 5.1) = 5.4 mm
--
11173_rest_trans	Coordinate transformations:
11173_rest_trans	  1.0000  -0.0043  -0.0083 !  1.0000   0.0000   0.0000
11173_rest_trans	  0.0047   0.9988   0.0492 !  0.0000   1.0000   0.0000
11173_rest_trans	  0.0081  -0.0493   0.9988 !  0.0000   0.0000   1.0000
11173_rest_trans	 -0.9344   0.5693  42.8233 ! -2.0568  -0.8406  37.7192
11173_rest_trans	Rotation change -0.0, -0.0, -0.0 degrees
11173_rest_trans	Position change (1.1, 1.4, 5.1) = 5.4 mm
--
11178_emptyroom_trans	Coordinate transformations:
11178_emptyroom_trans	  0.9999  -0.0145   0.0069 !  1.0000   0.0000   0.0000
11178_emptyroom_trans	  0.0151   0.9964  -0.0832 !  0.0000   1.0000   0.0000
11178_emptyroom_trans	 -0.0057   0.0833   0.9965 !  0.0000   0.0000   1.0000
11178_emptyroom_trans	  2.3204  -3.8213  36.7049 !  1.1524   4.3912  49.7366
11178_emptyroom_trans	Rotation change -0.0, -0.1, -0.1 degrees
11178_emptyroom_trans	Position change (1.2, -8.2, -13.0) = 15.4 mm
--
11178_rest_trans	Coordinate transformations:
11178_rest_trans	  0.9999  -0.0145   0.0069 !  1.0000   0.0000   0.0000
11178_rest_trans	  0.0151   0.9964  -0.0832 !  0.0000   1.0000   0.0000
11178_rest_trans	 -0.0057   0.0833   0.9965 !  0.0000   0.0000   1.0000
11178_rest_trans	  2.3204  -3.8213  36.7049 !  1.1524   4.3912  49.7366
11178_rest_trans	Rotation change -0.0, -0.1, -0.1 degrees
11178_rest_trans	Position change (1.2, -8.2, -13.0) = 15.4 mm
--
11180_emptyroom_trans	Coordinate transformations:
11180_emptyroom_trans	  0.9980   0.0089   0.0625 !  1.0000   0.0000   0.0000
11180_emptyroom_trans	  0.0065   0.9703  -0.2417 !  0.0000   1.0000   0.0000
11180_emptyroom_trans	 -0.0628   0.2416   0.9683 !  0.0000   0.0000   1.0000
11180_emptyroom_trans	 -3.3980 -13.5984  38.1357 ! -2.9663   7.3288  23.4859
11180_emptyroom_trans	Rotation change -0.1, -0.2, -0.3 degrees
11180_emptyroom_trans	Position change (-0.4, -20.9, 14.6) = 25.5 mm
--
11180_rest_trans	Coordinate transformations:
11180_rest_trans	  0.9980   0.0089   0.0625 !  1.0000   0.0000   0.0000
11180_rest_trans	  0.0065   0.9703  -0.2417 !  0.0000   1.0000   0.0000
11180_rest_trans	 -0.0628   0.2416   0.9683 !  0.0000   0.0000   1.0000
11180_rest_trans	 -3.3980 -13.5984  38.1357 ! -2.9663   7.3288  23.4859
11180_rest_trans	Rotation change -0.1, -0.2, -0.3 degrees
11180_rest_trans	Position change (-0.4, -20.9, 14.6) = 25.5 mm
--
11181_emptyroom_trans	Coordinate transformations:
11181_emptyroom_trans	  0.9995  -0.0130   0.0282 !  1.0000   0.0000   0.0000
11181_emptyroom_trans	  0.0199   0.9659  -0.2582 !  0.0000   1.0000   0.0000
11181_emptyroom_trans	 -0.0239   0.2586   0.9657 !  0.0000   0.0000   1.0000
11181_emptyroom_trans	 -2.3539 -11.7890  37.9272 ! -0.3095  -7.3931  46.7377
11181_emptyroom_trans	Rotation change -0.0, -0.3, -0.3 degrees
11181_emptyroom_trans	Position change (-2.0, -4.4, -8.8) = 10.1 mm
--
11181_rest_trans	Coordinate transformations:
11181_rest_trans	  0.9995  -0.0130   0.0282 !  1.0000   0.0000   0.0000
11181_rest_trans	  0.0199   0.9659  -0.2582 !  0.0000   1.0000   0.0000
11181_rest_trans	 -0.0239   0.2586   0.9657 !  0.0000   0.0000   1.0000
11181_rest_trans	 -2.3539 -11.7890  37.9272 ! -0.3095  -7.3931  46.7377
11181_rest_trans	Rotation change -0.0, -0.3, -0.3 degrees
11181_rest_trans	Position change (-2.0, -4.4, -8.8) = 10.1 mm
--
11188_emptyroom_trans	Coordinate transformations:
11188_emptyroom_trans	  0.9994  -0.0213  -0.0288 !  1.0000   0.0000   0.0000
11188_emptyroom_trans	  0.0283   0.9616   0.2729 !  0.0000   1.0000   0.0000
11188_emptyroom_trans	  0.0219  -0.2736   0.9616 !  0.0000   0.0000   1.0000
11188_emptyroom_trans	 -6.7283  -7.0299  52.0889 ! -2.9368  -4.9369  45.3713
11188_emptyroom_trans	Rotation change -0.0, -0.3, -0.3 degrees
11188_emptyroom_trans	Position change (-3.8, -2.1, 6.7) = 8.0 mm
--
11188_rest_trans	Coordinate transformations:
11188_rest_trans	  0.9994  -0.0213  -0.0288 !  1.0000   0.0000   0.0000
11188_rest_trans	  0.0283   0.9616   0.2729 !  0.0000   1.0000   0.0000
11188_rest_trans	  0.0219  -0.2736   0.9616 !  0.0000   0.0000   1.0000
11188_rest_trans	 -6.7283  -7.0299  52.0889 ! -2.9368  -4.9369  45.3713
11188_rest_trans	Rotation change -0.0, -0.3, -0.3 degrees
11188_rest_trans	Position change (-3.8, -2.1, 6.7) = 8.0 mm
--
11189_emptyroom_trans	Coordinate transformations:
11189_emptyroom_trans	  0.9190  -0.3904  -0.0554 !  1.0000   0.0000   0.0000
11189_emptyroom_trans	  0.3585   0.8856  -0.2952 !  0.0000   1.0000   0.0000
11189_emptyroom_trans	  0.1643   0.2514   0.9538 !  0.0000   0.0000   1.0000
11189_emptyroom_trans	 -1.2754  -1.6479  38.3380 !  1.4750   4.3611  40.2836
11189_emptyroom_trans	Rotation change -0.4, -0.5, -0.3 degrees
11189_emptyroom_trans	Position change (-2.8, -6.0, -1.9) = 6.9 mm
--
11189_rest_trans	Coordinate transformations:
11189_rest_trans	  0.9190  -0.3904  -0.0554 !  1.0000   0.0000   0.0000
11189_rest_trans	  0.3585   0.8856  -0.2952 !  0.0000   1.0000   0.0000
11189_rest_trans	  0.1643   0.2514   0.9538 !  0.0000   0.0000   1.0000
11189_rest_trans	 -1.2754  -1.6479  38.3380 !  1.4750   4.3611  40.2836
11189_rest_trans	Rotation change -0.4, -0.5, -0.3 degrees
11189_rest_trans	Position change (-2.8, -6.0, -1.9) = 6.9 mm
--
11190_emptyroom_trans	Coordinate transformations:
11190_emptyroom_trans	  0.9958  -0.0648   0.0654 !  1.0000   0.0000   0.0000
11190_emptyroom_trans	  0.0727   0.9892  -0.1273 !  0.0000   1.0000   0.0000
11190_emptyroom_trans	 -0.0564   0.1315   0.9897 !  0.0000   0.0000   1.0000
11190_emptyroom_trans	  2.0889  -5.6478  33.2994 !  4.1991  -3.0584  44.1273
11190_emptyroom_trans	Rotation change -0.1, -0.1, -0.1 degrees
11190_emptyroom_trans	Position change (-2.1, -2.6, -10.8) = 11.3 mm
--
11190_rest_trans	Coordinate transformations:
11190_rest_trans	  0.9958  -0.0648   0.0654 !  1.0000   0.0000   0.0000
11190_rest_trans	  0.0727   0.9892  -0.1273 !  0.0000   1.0000   0.0000
11190_rest_trans	 -0.0564   0.1315   0.9897 !  0.0000   0.0000   1.0000
11190_rest_trans	  2.0889  -5.6478  33.2994 !  4.1991  -3.0584  44.1273
11190_rest_trans	Rotation change -0.1, -0.1, -0.1 degrees
11190_rest_trans	Position change (-2.1, -2.6, -10.8) = 11.3 mm
--
11193_emptyroom_trans	Coordinate transformations:
11193_emptyroom_trans	  0.9961   0.0887   0.0003 !  1.0000   0.0000   0.0000
11193_emptyroom_trans	 -0.0885   0.9940  -0.0650 !  0.0000   1.0000   0.0000
11193_emptyroom_trans	 -0.0061   0.0647   0.9979 !  0.0000   0.0000   1.0000
11193_emptyroom_trans	 -1.0331  -7.5101  34.6484 !  0.8186  -8.3692  41.8689
11193_emptyroom_trans	Rotation change -0.1, -0.1, -0.1 degrees
11193_emptyroom_trans	Position change (-1.9, 0.9, -7.2) = 7.5 mm
--
11193_rest_trans	Coordinate transformations:
11193_rest_trans	  0.9961   0.0887   0.0003 !  1.0000   0.0000   0.0000
11193_rest_trans	 -0.0885   0.9940  -0.0650 !  0.0000   1.0000   0.0000
11193_rest_trans	 -0.0061   0.0647   0.9979 !  0.0000   0.0000   1.0000
